[4.454431533813477, 0.00937500037252903]
[4.352407455444336, 0.21437500417232513]
[4.201468467712402, 0.23499999940395355]
[4.062049865722656, 0.23000000417232513]
[3.861245632171631, 0.25062501430511475]
[3.781932830810547, 0.2162500023841858]
[3.6587491035461426, 0.21437500417232513]
[3.4626893997192383, 0.26249998807907104]
[3.462076187133789, 0.22624999284744263]
[3.3311479091644287, 0.2562499940395355]
[3.3265843391418457, 0.22062499821186066]
[3.3336572647094727, 0.22062499821186066]
[3.281059980392456, 0.23624999821186066]
[3.2965636253356934, 0.22750000655651093]
[3.2984695434570312, 0.22562499344348907]
[3.3028411865234375, 0.2199999988079071]
[3.1642377376556396, 0.24124999344348907]
[3.238478660583496, 0.26750001311302185]
[3.2021307945251465, 0.25562500953674316]
[3.1645054817199707, 0.23749999701976776]
[3.2444205284118652, 0.23749999701976776]
[3.216301441192627, 0.22062499821186066]
[3.141002655029297, 0.22937500476837158]
[3.2479491233825684, 0.19312499463558197]
[3.2183837890625, 0.21812500059604645]
[3.199747085571289, 0.20000000298023224]
[3.2237250804901123, 0.24375000596046448]
[3.1741490364074707, 0.22562499344348907]
[3.2105393409729004, 0.24937500059604645]
[3.165895938873291, 0.21125000715255737]
[3.162203788757324, 0.25687500834465027]
[3.2749133110046387, 0.2224999964237213]
[3.199575424194336, 0.2750000059604645]
[3.1782028675079346, 0.2068749964237213]
[3.2383975982666016, 0.1875]
[3.2690072059631348, 0.2224999964237213]
[3.1848177909851074, 0.19687500596046448]
[3.256321907043457, 0.23999999463558197]
[3.1969797611236572, 0.23874999582767487]
[3.1332380771636963, 0.2318750023841858]
[3.2088088989257812, 0.24375000596046448]
[3.1392955780029297, 0.26750001311302185]
[3.1837716102600098, 0.24812500178813934]
[3.1268725395202637, 0.25]
[3.1503820419311523, 0.20874999463558197]
[3.090480327606201, 0.2487500011920929]
[3.132448196411133, 0.23999999463558197]
[3.1717023849487305, 0.2524999976158142]
[3.1850414276123047, 0.21187500655651093]
[3.227525472640991, 0.20937499403953552]
[3.1858527660369873, 0.2199999988079071]
[3.2286324501037598, 0.22937500476837158]
[3.106091022491455, 0.23125000298023224]
[3.1597442626953125, 0.234375]
[3.152853012084961, 0.2475000023841858]
[3.174398899078369, 0.22875000536441803]
[3.210235118865967, 0.21375000476837158]
[3.177727460861206, 0.22875000536441803]
[3.1814637184143066, 0.1756249964237213]
[3.13569712638855, 0.26499998569488525]
[3.201056957244873, 0.21437500417232513]
[3.1333799362182617, 0.22312499582767487]
[3.1835503578186035, 0.203125]
[3.084733486175537, 0.2824999988079071]
[3.1228010654449463, 0.20624999701976776]
[3.1391472816467285, 0.2318750023841858]
[3.1622815132141113, 0.25562500953674316]
[3.2098162174224854, 0.20000000298023224]
[3.2439162731170654, 0.19062499701976776]
[3.197119951248169, 0.20999999344348907]
[3.1564340591430664, 0.25312501192092896]
[3.2199878692626953, 0.20874999463558197]
[3.115499973297119, 0.22374999523162842]
[3.202916145324707, 0.23375000059604645]
[3.170135498046875, 0.2356249988079071]
[3.155884265899658, 0.20624999701976776]
[3.0943899154663086, 0.23499999940395355]
[3.151460647583008, 0.22937500476837158]
[3.108389377593994, 0.22937500476837158]
[3.1168875694274902, 0.25562500953674316]
[3.1944642066955566, 0.23499999940395355]
[3.111398220062256, 0.2537499964237213]
[3.2092790603637695, 0.2068749964237213]
[3.171844005584717, 0.19499999284744263]
[3.110417604446411, 0.2331250011920929]
[3.118924140930176, 0.2631250023841858]
[3.100639820098877, 0.2487500011920929]
[3.1063008308410645, 0.20374999940395355]
[3.053400754928589, 0.2487500011920929]
[3.0680556297302246, 0.27000001072883606]
[3.1369106769561768, 0.19374999403953552]
[3.1290550231933594, 0.22312499582767487]
[3.1865310668945312, 0.16374999284744263]
[3.106429100036621, 0.22624999284744263]
[3.0869767665863037, 0.2593750059604645]
[3.0708045959472656, 0.2718749940395355]
[3.1287543773651123, 0.20374999940395355]
[3.099245071411133, 0.24124999344348907]
[3.0911717414855957, 0.22437499463558197]
[3.0448267459869385, 0.234375]
[3.125715732574463, 0.2356249988079071]
[3.1981191635131836, 0.20812499523162842]
[3.0172765254974365, 0.26374998688697815]
[3.03057599067688, 0.23250000178813934]
[3.109726905822754, 0.25437501072883606]
[3.0084619522094727, 0.26625001430511475]
[3.079183578491211, 0.234375]
[3.05961275100708, 0.24124999344348907]
[3.060072898864746, 0.28062498569488525]
[3.0186705589294434, 0.27000001072883606]
[3.0684852600097656, 0.24562500417232513]
[3.115917205810547, 0.2043749988079071]
[3.094576835632324, 0.2368749976158142]
[3.0649516582489014, 0.23125000298023224]
[3.1186909675598145, 0.2356249988079071]
[3.064147472381592, 0.24375000596046448]
[3.1434831619262695, 0.21562500298023224]
[3.013256311416626, 0.23749999701976776]
[3.0142860412597656, 0.24500000476837158]
[3.0243048667907715, 0.2368749976158142]
[3.001094341278076, 0.23375000059604645]
[2.991645336151123, 0.25562500953674316]
[3.096985340118408, 0.23749999701976776]
[3.0069940090179443, 0.23874999582767487]
[3.004570960998535, 0.27000001072883606]
[3.0471279621124268, 0.2631250023841858]
[3.0376954078674316, 0.2224999964237213]
[2.9590554237365723, 0.25437501072883606]
[3.0513434410095215, 0.22062499821186066]
[3.0285065174102783, 0.23000000417232513]
[2.99654483795166, 0.22812500596046448]
[3.0048232078552246, 0.234375]
[3.1195011138916016, 0.22812500596046448]
[3.058931827545166, 0.2381249964237213]
[2.95589017868042, 0.23937499523162842]
[3.105757713317871, 0.20999999344348907]
[3.0464441776275635, 0.21562500298023224]
[2.9329686164855957, 0.2606250047683716]
[2.9579250812530518, 0.2306250035762787]
[3.0258097648620605, 0.20499999821186066]
[2.9877824783325195, 0.2381249964237213]
[2.899540662765503, 0.26750001311302185]
[2.9700355529785156, 0.2549999952316284]
[2.956500768661499, 0.26249998807907104]
[2.8678629398345947, 0.2918750047683716]
[2.883418083190918, 0.27125000953674316]
[2.951059103012085, 0.22750000655651093]
[2.861715316772461, 0.28062498569488525]
[2.898298501968384, 0.25999999046325684]
[2.8210771083831787, 0.2849999964237213]
[2.8498263359069824, 0.30125001072883606]
[2.8099465370178223, 0.2931250035762787]
[2.8071413040161133, 0.31562501192092896]
[2.876321792602539, 0.30562499165534973]
[2.907029628753662, 0.28062498569488525]
[2.924849033355713, 0.2643750011920929]
[2.8192262649536133, 0.3050000071525574]
[2.778095245361328, 0.31187498569488525]
[2.8191792964935303, 0.2862499952316284]
[2.8584494590759277, 0.30125001072883606]
[2.834352731704712, 0.296875]
[2.875500202178955, 0.2593750059604645]
[2.8009414672851562, 0.3231250047683716]
[2.8836331367492676, 0.2618750035762787]
[2.847780704498291, 0.2762500047683716]
[2.826078414916992, 0.296875]
[2.8341550827026367, 0.2750000059604645]
[2.7251839637756348, 0.32374998927116394]
[2.7438554763793945, 0.28312501311302185]
[2.7290847301483154, 0.33000001311302185]
[2.7529547214508057, 0.3112500011920929]
[2.7923340797424316, 0.27437499165534973]
[2.740892171859741, 0.32374998927116394]
[2.808453321456909, 0.29499998688697815]
[2.812504291534424, 0.2931250035762787]
[2.7440340518951416, 0.33125001192092896]
[2.6455917358398438, 0.3318749964237213]
[2.7640914916992188, 0.29875001311302185]
[2.788532257080078, 0.28812500834465027]
[2.7295565605163574, 0.30937498807907104]
[2.6234230995178223, 0.3531250059604645]
[2.6357650756835938, 0.3256250023841858]
[2.585669755935669, 0.31937500834465027]
[2.7761006355285645, 0.30250000953674316]
[2.6806836128234863, 0.2918750047683716]
[2.678243637084961, 0.30125001072883606]
[2.639498233795166, 0.33000001311302185]
[2.6192421913146973, 0.33125001192092896]
[2.6332435607910156, 0.3318749964237213]
[2.6757631301879883, 0.30000001192092896]
[2.7427151203155518, 0.27687498927116394]
[2.5720748901367188, 0.3425000011920929]
[2.5827412605285645, 0.36500000953674316]
[2.738800525665283, 0.265625]
[2.6162850856781006, 0.3218750059604645]
[2.5863730907440186, 0.33125001192092896]
[2.529280185699463, 0.3487499952316284]
[2.6444408893585205, 0.30812498927116394]
[2.66393780708313, 0.3256250023841858]
[2.6364307403564453, 0.3125]
[2.5725584030151367, 0.3031249940395355]
[2.5978331565856934, 0.3062500059604645]
[2.663731813430786, 0.31812500953674316]
[2.6218080520629883, 0.3062500059604645]
[2.5717954635620117, 0.34687501192092896]
[2.729024887084961, 0.2824999988079071]
[2.54052472114563, 0.3400000035762787]
[2.508793830871582, 0.34312498569488525]
[2.6268134117126465, 0.30687499046325684]
[2.6041436195373535, 0.3218750059604645]
[2.6126911640167236, 0.32374998927116394]
[2.676422357559204, 0.2800000011920929]
[2.5597195625305176, 0.33250001072883606]
[2.589684009552002, 0.29875001311302185]
[2.5806257724761963, 0.34812501072883606]
[2.5906167030334473, 0.2887499928474426]
[2.5616493225097656, 0.34687501192092896]
[2.5954344272613525, 0.3268750011920929]
[2.6973817348480225, 0.2906250059604645]
[2.5082364082336426, 0.3387500047683716]
[2.535059690475464, 0.31437501311302185]
[2.5770177841186523, 0.3018749952316284]
[2.5539636611938477, 0.3075000047683716]
[2.568361282348633, 0.3449999988079071]
[2.5628371238708496, 0.30812498927116394]
[2.5020992755889893, 0.3306249976158142]
[2.5465760231018066, 0.32249999046325684]
[2.559539794921875, 0.3006249964237213]
[2.5813851356506348, 0.3162499964237213]
[2.5514674186706543, 0.31437501311302185]
[2.4807043075561523, 0.3487499952316284]
[2.4003968238830566, 0.3774999976158142]
[2.4769201278686523, 0.3631249964237213]
[2.6112852096557617, 0.3331249952316284]
[2.460294246673584, 0.359375]
[2.455361843109131, 0.33812499046325684]
[2.482314348220825, 0.3581250011920929]
[2.5034430027008057, 0.3331249952316284]
[2.4850659370422363, 0.35374999046325684]
[2.51320219039917, 0.3568750023841858]
[2.555847644805908, 0.35374999046325684]
[2.539228916168213, 0.35499998927116394]
[2.5678253173828125, 0.3231250047683716]
[2.578723430633545, 0.3137499988079071]
[2.481295585632324, 0.34562501311302185]
[2.586768627166748, 0.33000001311302185]
[2.482377767562866, 0.35062500834465027]
[2.5635342597961426, 0.3462499976158142]
[2.5977115631103516, 0.3268750011920929]
[2.4486870765686035, 0.35749998688697815]
[2.4536242485046387, 0.3512499928474426]
[2.492011547088623, 0.32624998688697815]
[2.5117244720458984, 0.3375000059604645]
[2.5395426750183105, 0.3331249952316284]
[2.5585193634033203, 0.3187499940395355]
[2.5413269996643066, 0.3362500071525574]
[2.3903896808624268, 0.36500000953674316]
[2.5328898429870605, 0.34062498807907104]
[2.5272433757781982, 0.3531250059604645]
[2.503169536590576, 0.3462499976158142]
[2.3710289001464844, 0.36937499046325684]
[2.5062222480773926, 0.36125001311302185]
[2.4758551120758057, 0.3618749976158142]
[2.423703908920288, 0.3412500023841858]
[2.5638763904571533, 0.34937500953674316]
[2.3739919662475586, 0.3499999940395355]
[2.3765439987182617, 0.37562501430511475]
[2.4467504024505615, 0.3799999952316284]
[2.4531266689300537, 0.3218750059604645]
[2.465998649597168, 0.33000001311302185]
[2.551115036010742, 0.33125001192092896]
[2.3876192569732666, 0.36250001192092896]
[2.512004852294922, 0.30687499046325684]
[2.503504753112793, 0.3293749988079071]
[2.378267765045166, 0.3712500035762787]
[2.525805950164795, 0.3412500023841858]
[2.4777445793151855, 0.3425000011920929]
[2.4649901390075684, 0.34312498569488525]
[2.499650478363037, 0.3400000035762787]
[2.4740257263183594, 0.3362500071525574]
[2.3748676776885986, 0.37187498807907104]
[2.5010995864868164, 0.3462499976158142]
[2.4454636573791504, 0.36500000953674316]
[2.4099807739257812, 0.33812499046325684]
[2.3943772315979004, 0.34812501072883606]
[2.4116179943084717, 0.3631249964237213]
[2.370596408843994, 0.3512499928474426]
[2.4423422813415527, 0.31562501192092896]
[2.3645219802856445, 0.3512499928474426]
[2.4604272842407227, 0.32249999046325684]
[2.4259326457977295, 0.3675000071525574]
[2.4183335304260254, 0.34812501072883606]
[2.4364795684814453, 0.33000001311302185]
[2.4827237129211426, 0.35624998807907104]
[2.450373888015747, 0.3656249940395355]
[2.419497013092041, 0.36375001072883606]
[2.491931438446045, 0.36375001072883606]
[2.454644203186035, 0.3256250023841858]
[2.505652666091919, 0.32749998569488525]
[2.4522252082824707, 0.34437501430511475]
[2.4280455112457275, 0.3331249952316284]
[2.465970039367676, 0.3268750011920929]
[2.326241970062256, 0.3618749976158142]
[2.463960647583008, 0.3518750071525574]
[2.4264421463012695, 0.3568750023841858]
[2.3915634155273438, 0.36500000953674316]
[2.441695213317871, 0.34937500953674316]
[2.320180892944336, 0.3687500059604645]
[2.326775550842285, 0.3856250047683716]
[2.3452305793762207, 0.36250001192092896]
[2.4984169006347656, 0.3187499940395355]
[2.3304176330566406, 0.35499998927116394]
[2.4458131790161133, 0.34437501430511475]
[2.4117624759674072, 0.33687499165534973]
[2.3118057250976562, 0.3556250035762787]
[2.40928316116333, 0.3343749940395355]
[2.4923622608184814, 0.32249999046325684]
[2.2490005493164062, 0.38749998807907104]
[2.383735179901123, 0.3531250059604645]
[2.4052071571350098, 0.34937500953674316]
[2.4138412475585938, 0.33812499046325684]
[2.4868664741516113, 0.3425000011920929]
[2.418396234512329, 0.3474999964237213]
[2.3873038291931152, 0.34562501311302185]
[2.2897493839263916, 0.37437498569488525]
[2.326256275177002, 0.3568750023841858]
[2.340120792388916, 0.3700000047683716]
[2.368978977203369, 0.3331249952316284]
[2.397461414337158, 0.32624998688697815]
[2.4159865379333496, 0.35249999165534973]
[2.4874582290649414, 0.34687501192092896]
[2.4706459045410156, 0.33125001192092896]
[2.37835693359375, 0.36375001072883606]
[2.378141403198242, 0.3581250011920929]
[2.4116406440734863, 0.3556250035762787]
[2.4289650917053223, 0.3412500023841858]
[2.4445323944091797, 0.3218750059604645]
[2.2709474563598633, 0.3918749988079071]
[2.4983606338500977, 0.33000001311302185]
[2.473271369934082, 0.3556250035762787]
[2.2903194427490234, 0.36937499046325684]
[2.3289642333984375, 0.38374999165534973]
[2.4032511711120605, 0.33125001192092896]
[2.343663215637207, 0.3774999976158142]
[2.3124074935913086, 0.3618749976158142]
[2.3175582885742188, 0.3568750023841858]
[2.427304267883301, 0.3425000011920929]
[2.3180274963378906, 0.359375]
[2.353997230529785, 0.3618749976158142]
[2.425638198852539, 0.3518750071525574]
[2.3180575370788574, 0.3487499952316284]
[2.3133068084716797, 0.3725000023841858]
[2.4533989429473877, 0.3318749964237213]
[2.3827316761016846, 0.3556250035762787]
[2.4256136417388916, 0.35062500834465027]
[2.3545727729797363, 0.35749998688697815]
[2.466456890106201, 0.34937500953674316]
[2.416076898574829, 0.31437501311302185]
[2.350950002670288, 0.36125001311302185]
[2.3648521900177, 0.3762499988079071]
[2.1900076866149902, 0.39375001192092896]
[2.3227834701538086, 0.36937499046325684]
[2.4581215381622314, 0.3318749964237213]
[2.3287434577941895, 0.3512499928474426]
[2.3241586685180664, 0.39625000953674316]
[2.369452476501465, 0.36812499165534973]
[2.3124513626098633, 0.34312498569488525]
[2.280703544616699, 0.3631249964237213]
[2.2461419105529785, 0.3931249976158142]
[2.3539891242980957, 0.3712500035762787]
[2.413209915161133, 0.34062498807907104]
[2.304018497467041, 0.3668749928474426]
[2.3895411491394043, 0.34937500953674316]
[2.358654499053955, 0.35249999165534973]
[2.3263099193573, 0.38062500953674316]
[2.4505252838134766, 0.33812499046325684]
[2.427004814147949, 0.3568750023841858]
[2.332728624343872, 0.3831250071525574]
[2.3133444786071777, 0.3824999928474426]
[2.414498805999756, 0.35624998807907104]
[2.35992431640625, 0.3568750023841858]
[2.325446128845215, 0.3556250035762787]
[2.195827007293701, 0.40687501430511475]
[2.2486023902893066, 0.3656249940395355]
[2.4194517135620117, 0.33812499046325684]
[2.3352694511413574, 0.3606249988079071]
[2.3448328971862793, 0.37437498569488525]
[2.286637306213379, 0.3712500035762787]
[2.300218343734741, 0.37437498569488525]
[2.373976945877075, 0.37062498927116394]
[2.3848323822021484, 0.35874998569488525]
[2.3190813064575195, 0.3700000047683716]
[2.321188449859619, 0.3474999964237213]
[2.3966574668884277, 0.3606249988079071]
[2.3735342025756836, 0.35624998807907104]
[2.293266773223877, 0.36937499046325684]
[2.2793493270874023, 0.3656249940395355]
[2.3744633197784424, 0.32875001430511475]
[2.4001388549804688, 0.34687501192092896]
[2.207432746887207, 0.41499999165534973]
[2.2680158615112305, 0.3631249964237213]
[2.3008012771606445, 0.3668749928474426]
[2.3765616416931152, 0.3306249976158142]
[2.2697291374206543, 0.40062499046325684]
[2.2210443019866943, 0.40625]
[2.3727731704711914, 0.3581250011920929]
[2.4004812240600586, 0.3631249964237213]
[2.319246768951416, 0.3675000071525574]
[2.294708728790283, 0.37312498688697815]
[2.3171491622924805, 0.38374999165534973]
[2.3571267127990723, 0.3581250011920929]
[2.214277744293213, 0.37687501311302185]
[2.2546777725219727, 0.3856250047683716]
[2.30613112449646, 0.3656249940395355]
[2.2420597076416016, 0.3737500011920929]
[2.292530059814453, 0.38187500834465027]
[2.2940783500671387, 0.37062498927116394]
[2.1646103858947754, 0.39625000953674316]
[2.382396697998047, 0.35062500834465027]
[2.233309268951416, 0.39250001311302185]
[2.3479623794555664, 0.3531250059604645]
[2.2686285972595215, 0.36500000953674316]
[2.3249199390411377, 0.36937499046325684]
[2.2298812866210938, 0.375]
[2.258368968963623, 0.39125001430511475]
[2.255784034729004, 0.39250001311302185]
[2.2344601154327393, 0.3843750059604645]
[2.2748847007751465, 0.3762499988079071]
[2.3359413146972656, 0.35249999165534973]
[2.2409329414367676, 0.37312498688697815]
[2.2907819747924805, 0.3556250035762787]
[2.2087488174438477, 0.3943749964237213]
[2.1944806575775146, 0.4000000059604645]
[2.2624332904815674, 0.3943749964237213]
[2.1958985328674316, 0.40187498927116394]
[2.1539511680603027, 0.39937499165534973]
[2.272122859954834, 0.37937501072883606]
[2.2925426959991455, 0.3725000023841858]
[2.207697868347168, 0.3856250047683716]
[2.3694610595703125, 0.35062500834465027]
[2.2655704021453857, 0.3812499940395355]
[2.306746482849121, 0.3643749952316284]
[2.252108097076416, 0.3824999928474426]
[2.2651383876800537, 0.3643749952316284]
[2.343327522277832, 0.36625000834465027]
[2.1449270248413086, 0.4099999964237213]
[2.3163485527038574, 0.3737500011920929]
[2.2667737007141113, 0.3531250059604645]
[2.3147714138031006, 0.37187498807907104]
[2.1964240074157715, 0.40312498807907104]
[2.184565544128418, 0.40812501311302185]
[2.242833137512207, 0.39500001072883606]
[2.3169002532958984, 0.36000001430511475]
[2.151611804962158, 0.39375001192092896]
[2.3489465713500977, 0.3568750023841858]
[2.2105886936187744, 0.390625]
[2.1958367824554443, 0.41499999165534973]
[2.2926993370056152, 0.3812499940395355]
[2.2272496223449707, 0.3868750035762787]
[2.2742223739624023, 0.39375001192092896]
[2.3045613765716553, 0.3737500011920929]
[2.287252426147461, 0.3518750071525574]
[2.2023887634277344, 0.4012500047683716]
[2.241015911102295, 0.3712500035762787]
[2.158085823059082, 0.39750000834465027]
[2.201969623565674, 0.38624998927116394]
[2.227600574493408, 0.3943749964237213]
[2.2945220470428467, 0.36937499046325684]
[2.289167642593384, 0.3618749976158142]
[2.1848182678222656, 0.3799999952316284]
[2.2751266956329346, 0.3787499964237213]
[2.112550973892212, 0.41874998807907104]
[2.253389835357666, 0.3893750011920929]
[2.3216495513916016, 0.35624998807907104]
[2.2067785263061523, 0.40187498927116394]
[2.2468652725219727, 0.3956249952316284]
[2.323909282684326, 0.35062500834465027]
[2.1336309909820557, 0.4074999988079071]
[2.248570442199707, 0.35874998569488525]
[2.3197460174560547, 0.37062498927116394]
[2.2222654819488525, 0.3931249976158142]
[2.2729718685150146, 0.37812501192092896]
[2.2931222915649414, 0.37062498927116394]
[2.128143310546875, 0.4281249940395355]
[2.2273001670837402, 0.37437498569488525]
[2.257730484008789, 0.3712500035762787]
[2.229437828063965, 0.375]
[2.2424917221069336, 0.3831250071525574]
[2.1574387550354004, 0.4112499952316284]
[2.2561583518981934, 0.3700000047683716]
[2.1759774684906006, 0.38999998569488525]
[2.245025157928467, 0.3687500059604645]
[2.2356960773468018, 0.3799999952316284]
[2.2991833686828613, 0.37312498688697815]
[2.2343430519104004, 0.39125001430511475]
[2.176154136657715, 0.3981249928474426]
[2.2404513359069824, 0.390625]
[2.195005178451538, 0.38187500834465027]
[2.2303152084350586, 0.38624998927116394]
[2.2622082233428955, 0.36937499046325684]
[2.1991124153137207, 0.3868750035762787]
[2.2780308723449707, 0.3737500011920929]
[2.221280097961426, 0.39250001311302185]
[2.298914909362793, 0.3631249964237213]
[2.26562762260437, 0.3687500059604645]
[2.2039718627929688, 0.39125001430511475]
[2.2225584983825684, 0.390625]
[2.1738786697387695, 0.38374999165534973]
[2.163939952850342, 0.3968749940395355]
[2.228614091873169, 0.38062500953674316]
[2.2521276473999023, 0.37437498569488525]
[2.262821674346924, 0.37562501430511475]
[2.1216940879821777, 0.42500001192092896]
[2.237973690032959, 0.3943749964237213]
[2.212749719619751, 0.3737500011920929]
[2.068779230117798, 0.4325000047683716]
[2.279733657836914, 0.3831250071525574]
[2.15097713470459, 0.40687501430511475]
[2.1596715450286865, 0.40437498688697815]
[2.249025583267212, 0.3700000047683716]
[2.251255750656128, 0.3787499964237213]
[2.15407133102417, 0.42625001072883606]
[2.146847724914551, 0.4137499928474426]
[2.2367310523986816, 0.38499999046325684]
[2.117307662963867, 0.4099999964237213]
[2.1022658348083496, 0.4337500035762787]
[2.237592935562134, 0.3675000071525574]
[2.214611530303955, 0.38187500834465027]
[2.248472213745117, 0.36625000834465027]
[2.189244031906128, 0.39937499165534973]
[2.2930755615234375, 0.36000001430511475]
[2.1869969367980957, 0.4000000059604645]
[2.2123289108276367, 0.3968749940395355]
[2.2253875732421875, 0.3824999928474426]
[2.1776821613311768, 0.3931249976158142]
[2.1777262687683105, 0.3987500071525574]
[2.135035514831543, 0.40625]
[2.1689248085021973, 0.4025000035762787]
[2.1802878379821777, 0.39125001430511475]
[2.1600377559661865, 0.4074999988079071]
[2.16042423248291, 0.39500001072883606]
[2.200763463973999, 0.40437498688697815]
[2.144315004348755, 0.40812501311302185]
[2.236327648162842, 0.37687501311302185]
[2.14481258392334, 0.3856250047683716]
[2.1898694038391113, 0.39500001072883606]
[2.267057180404663, 0.3643749952316284]
[2.0744118690490723, 0.42875000834465027]
[2.223283290863037, 0.37312498688697815]
[2.1859965324401855, 0.40062499046325684]
[2.200519561767578, 0.40937501192092896]
[2.177929401397705, 0.3881250023841858]
[2.1830546855926514, 0.3943749964237213]
[2.166083335876465, 0.4000000059604645]
[2.2723355293273926, 0.375]
[2.1068410873413086, 0.41999998688697815]
[2.1995482444763184, 0.3675000071525574]
[2.219712495803833, 0.3643749952316284]
[2.211681842803955, 0.38999998569488525]
[2.1448607444763184, 0.4000000059604645]
[2.096973419189453, 0.4037500023841858]
[2.2950668334960938, 0.3474999964237213]
[2.3186111450195312, 0.36250001192092896]
[2.123633861541748, 0.41062501072883606]
[2.2035889625549316, 0.390625]
[2.215639591217041, 0.39500001072883606]
[2.124375343322754, 0.41874998807907104]
[2.18465518951416, 0.3799999952316284]
[2.035862445831299, 0.4325000047683716]
[2.3065500259399414, 0.3631249964237213]
[2.153477191925049, 0.40687501430511475]
[2.042691469192505, 0.4387499988079071]
[2.1383252143859863, 0.39937499165534973]
[2.118992805480957, 0.4137499928474426]
[2.216557502746582, 0.37812501192092896]
[2.1269335746765137, 0.4000000059604645]
[2.1501097679138184, 0.4025000035762787]
[2.113948106765747, 0.42500001192092896]
[2.238389253616333, 0.3774999976158142]
[2.155031204223633, 0.4074999988079071]
[2.2339417934417725, 0.38999998569488525]
[2.3205490112304688, 0.3656249940395355]
[2.1535866260528564, 0.39937499165534973]
[2.150062084197998, 0.3981249928474426]
[2.146390438079834, 0.40187498927116394]
[2.1768927574157715, 0.3856250047683716]
[2.0840890407562256, 0.43312498927116394]
[2.172266721725464, 0.3843750059604645]
[2.098830461502075, 0.43187499046325684]
[2.209486961364746, 0.38749998807907104]
[2.1879138946533203, 0.39750000834465027]
[2.2136878967285156, 0.37312498688697815]
[2.223996639251709, 0.3843750059604645]
[2.170746088027954, 0.3931249976158142]
[2.1903138160705566, 0.38499999046325684]
[2.2551517486572266, 0.3656249940395355]
[2.1100900173187256, 0.40187498927116394]
[2.174862861633301, 0.3981249928474426]
[2.1453752517700195, 0.41062501072883606]
[2.2420341968536377, 0.3762499988079071]
[2.1099658012390137, 0.4087499976158142]