[4.455010890960693, 0.006874999962747097]
[4.3360748291015625, 0.26249998807907104]
[4.208134651184082, 0.22562499344348907]
[4.077389240264893, 0.20937499403953552]
[3.956429958343506, 0.19499999284744263]
[3.78094482421875, 0.2175000011920929]
[3.623657703399658, 0.23937499523162842]
[3.4775867462158203, 0.2693749964237213]
[3.5054221153259277, 0.2175000011920929]
[3.366511821746826, 0.2512499988079071]
[3.3926048278808594, 0.2212499976158142]
[3.2989120483398438, 0.2606250047683716]
[3.3308770656585693, 0.22374999523162842]
[3.2426490783691406, 0.25312501192092896]
[3.2752747535705566, 0.21312500536441803]
[3.3003790378570557, 0.1850000023841858]
[3.2769551277160645, 0.19562500715255737]
[3.1592469215393066, 0.2593750059604645]
[3.1647450923919678, 0.25]
[3.1944191455841064, 0.25187501311302185]
[3.300346851348877, 0.203125]
[3.241344451904297, 0.23125000298023224]
[3.249606132507324, 0.16187499463558197]
[3.1473851203918457, 0.24062499403953552]
[3.2353858947753906, 0.21437500417232513]
[3.1878998279571533, 0.2837499976158142]
[3.190478801727295, 0.20000000298023224]
[3.2172985076904297, 0.20000000298023224]
[3.2306294441223145, 0.234375]
[3.256460189819336, 0.21312500536441803]
[3.207321882247925, 0.22062499821186066]