[4.45279598236084, 0.013749999925494194]
[4.453438758850098, 0.010625000111758709]
[4.451819896697998, 0.011874999850988388]
[4.453030586242676, 0.011874999850988388]
[4.452338218688965, 0.014375000260770321]
[4.453032970428467, 0.014375000260770321]
[4.453293800354004, 0.013124999590218067]
[4.452493667602539, 0.013124999590218067]
[4.451935768127441, 0.016249999403953552]
[4.452364921569824, 0.010625000111758709]
[4.452236175537109, 0.011874999850988388]
[4.452118873596191, 0.008750000037252903]
[4.452385902404785, 0.013749999925494194]
[4.453038215637207, 0.013124999590218067]
[4.452052116394043, 0.012500000186264515]
[4.453180313110352, 0.013124999590218067]
[4.452488899230957, 0.013749999925494194]
[4.453094482421875, 0.013124999590218067]
[4.451986312866211, 0.009999999776482582]
[4.452184677124023, 0.015625]
[4.452120780944824, 0.013749999925494194]
[4.4525346755981445, 0.011874999850988388]
[4.452226161956787, 0.010625000111758709]
[4.452742576599121, 0.015625]
[4.451790809631348, 0.013124999590218067]
[4.452574729919434, 0.017500000074505806]
[4.452792167663574, 0.017500000074505806]
[4.452779769897461, 0.018124999478459358]
[4.452016830444336, 0.014999999664723873]
[4.452359199523926, 0.013124999590218067]
[4.452406406402588, 0.010625000111758709]
[4.451910495758057, 0.009999999776482582]
[4.452710151672363, 0.013124999590218067]
[4.452865123748779, 0.014375000260770321]
[4.452090263366699, 0.016875000670552254]
[4.452606201171875, 0.011874999850988388]
[4.452081680297852, 0.013124999590218067]
[4.453365325927734, 0.011250000447034836]
[4.452238082885742, 0.011874999850988388]
[4.452113151550293, 0.014375000260770321]
[4.452787399291992, 0.011874999850988388]