[4.454912185668945, 0.014999999664723873]
[4.339297294616699, 0.24937500059604645]
[4.216450214385986, 0.20937499403953552]
[4.058568000793457, 0.22374999523162842]
[3.887289047241211, 0.2224999964237213]
[3.704740524291992, 0.24562500417232513]
[3.6230688095092773, 0.23874999582767487]
[3.6047449111938477, 0.1899999976158142]
[3.4163684844970703, 0.24812500178813934]
[3.3298258781433105, 0.2693749964237213]
[3.4234156608581543, 0.20499999821186066]
[3.3571019172668457, 0.2224999964237213]
[3.3650918006896973, 0.19687500596046448]
[3.2593541145324707, 0.21687500178813934]
[3.3179028034210205, 0.18125000596046448]
[3.2031188011169434, 0.2693749964237213]
[3.2729084491729736, 0.25]
[3.2193775177001953, 0.2331250011920929]
[3.2902655601501465, 0.1756249964237213]
[3.2487688064575195, 0.20000000298023224]
[3.203319549560547, 0.2199999988079071]
[3.1465320587158203, 0.27250000834465027]
[3.26633620262146, 0.22562499344348907]
[3.29611873626709, 0.18812499940395355]
[3.2548468112945557, 0.19750000536441803]
[3.2037606239318848, 0.2562499940395355]
[3.1752166748046875, 0.25062501430511475]
[3.163670063018799, 0.23375000059604645]
[3.2606027126312256, 0.21125000715255737]
[3.2614669799804688, 0.20749999582767487]
[3.2411890029907227, 0.2318750023841858]
[3.1882009506225586, 0.21937499940395355]
[3.2573657035827637, 0.2356249988079071]
[3.205455780029297, 0.24687500298023224]
[3.2262959480285645, 0.2199999988079071]
[3.150115489959717, 0.26750001311302185]
[3.236522674560547, 0.23499999940395355]
[3.2093429565429688, 0.22187499701976776]
[3.2855894565582275, 0.1993750035762787]
[3.2653939723968506, 0.2306250035762787]
[3.112600088119507, 0.27000001072883606]
[3.2342891693115234, 0.18687500059604645]
[3.2196550369262695, 0.234375]
[3.234179735183716, 0.1862500011920929]
[3.197665214538574, 0.23937499523162842]
[3.1582043170928955, 0.26374998688697815]
[3.1586995124816895, 0.2549999952316284]
[3.19405460357666, 0.24250000715255737]
[3.1196489334106445, 0.21375000476837158]
[3.171900749206543, 0.22062499821186066]
[3.2073850631713867, 0.20250000059604645]
[3.2286014556884766, 0.21062499284744263]
[3.1969704627990723, 0.22499999403953552]
[3.0777015686035156, 0.25874999165534973]
[3.194941997528076, 0.1887499988079071]
[3.1890106201171875, 0.19312499463558197]
[3.220444917678833, 0.20812499523162842]
[3.1640655994415283, 0.23125000298023224]
[3.2676548957824707, 0.19875000417232513]
[3.1125428676605225, 0.26499998569488525]
[3.2523083686828613, 0.16500000655651093]
[3.1348893642425537, 0.27687498927116394]
[3.1130027770996094, 0.25874999165534973]
[3.109978199005127, 0.2331250011920929]
[3.1538729667663574, 0.20125000178813934]
[3.1184253692626953, 0.20999999344348907]
[3.1710472106933594, 0.2562499940395355]
[3.194286346435547, 0.23125000298023224]
[3.171215534210205, 0.20125000178813934]
[3.0800881385803223, 0.25062501430511475]
[3.2248189449310303, 0.16374999284744263]
[3.0707249641418457, 0.2681249976158142]
[3.180142879486084, 0.22312499582767487]
[3.143828868865967, 0.25062501430511475]
[3.1506829261779785, 0.24562500417232513]
[3.205098867416382, 0.23874999582767487]
[3.0706422328948975, 0.2631250023841858]
[3.119081735610962, 0.24437500536441803]
[3.150953769683838, 0.19562500715255737]
[3.1828577518463135, 0.20812499523162842]
[3.178325653076172, 0.19812500476837158]
[3.118727445602417, 0.21187500655651093]
[3.100161552429199, 0.23375000059604645]
[3.109344482421875, 0.2356249988079071]
[3.1054463386535645, 0.23000000417232513]
[3.1492767333984375, 0.19625000655651093]
[3.152845859527588, 0.21937499940395355]
[3.2074387073516846, 0.1887499988079071]
[3.121293067932129, 0.2056249976158142]
[3.096550941467285, 0.23749999701976776]
[3.1752047538757324, 0.18250000476837158]
[3.1729001998901367, 0.19687500596046448]
[3.085933208465576, 0.2306250035762787]
[3.1465137004852295, 0.2212499976158142]
[3.1837430000305176, 0.24312500655651093]
[3.156026840209961, 0.20000000298023224]
[3.0937600135803223, 0.2574999928474426]
[3.113300323486328, 0.20937499403953552]
[3.139005661010742, 0.21875]
[3.067599296569824, 0.25187501311302185]
[3.1037564277648926, 0.2306250035762787]
[3.0924034118652344, 0.20874999463558197]
[3.081418991088867, 0.25874999165534973]
[3.137031078338623, 0.2549999952316284]
[3.1481547355651855, 0.20125000178813934]
[3.115567207336426, 0.2018750011920929]
[3.124283790588379, 0.22312499582767487]
[3.021984577178955, 0.22624999284744263]
[3.113898515701294, 0.22812500596046448]
[3.1192660331726074, 0.2318750023841858]
[3.0400075912475586, 0.265625]
[3.0477981567382812, 0.234375]
[3.118351936340332, 0.25562500953674316]
[3.0840952396392822, 0.2199999988079071]
[3.131295919418335, 0.20125000178813934]
[3.0936853885650635, 0.25312501192092896]
[2.98954439163208, 0.27812498807907104]
[3.072896957397461, 0.21250000596046448]
[3.067911386489868, 0.22624999284744263]
[3.089963436126709, 0.19499999284744263]
[3.0211305618286133, 0.22624999284744263]
[3.0119659900665283, 0.28812500834465027]
[3.09989595413208, 0.2043749988079071]
[3.108504295349121, 0.19812500476837158]
[3.0214409828186035, 0.2043749988079071]
[3.0268168449401855, 0.24437500536441803]
[3.059781074523926, 0.23125000298023224]
[3.0089921951293945, 0.25]
[3.0417232513427734, 0.20999999344348907]
[2.9059953689575195, 0.2762500047683716]
[2.9862053394317627, 0.2643750011920929]
[3.0897622108459473, 0.19812500476837158]
[3.064718723297119, 0.2356249988079071]
[2.9851484298706055, 0.22750000655651093]
[3.008546829223633, 0.25999999046325684]
[2.9690117835998535, 0.22812500596046448]
[2.9519777297973633, 0.24375000596046448]
[3.03206467628479, 0.24812500178813934]
[2.892861843109131, 0.2874999940395355]
[2.9935359954833984, 0.24437500536441803]
[2.9615912437438965, 0.27687498927116394]
[2.9311013221740723, 0.26124998927116394]
[2.9911270141601562, 0.2731249928474426]
[2.9755818843841553, 0.2331250011920929]
[2.980772018432617, 0.2381249964237213]
[2.9646944999694824, 0.25687500834465027]
[2.796011447906494, 0.2906250059604645]
[2.867738723754883, 0.2893750071525574]
[2.9264321327209473, 0.26750001311302185]
[2.8600385189056396, 0.2849999964237213]
[2.8450767993927, 0.30812498927116394]
[2.855563163757324, 0.2837499976158142]
[2.8603532314300537, 0.28687500953674316]
[2.8091471195220947, 0.28437501192092896]
[2.9230566024780273, 0.2681249976158142]
[2.922191619873047, 0.2750000059604645]
[2.944906234741211, 0.27000001072883606]
[2.7951903343200684, 0.29499998688697815]
[2.7715718746185303, 0.3100000023841858]
[2.8352389335632324, 0.27687498927116394]
[2.801229476928711, 0.2737500071525574]
[2.7989840507507324, 0.29124999046325684]
[2.833277463912964, 0.30125001072883606]
[2.8558826446533203, 0.2893750071525574]
[2.849567413330078, 0.29249998927116394]
[2.7162137031555176, 0.3018749952316284]
[2.8486104011535645, 0.2737500071525574]
[2.7160120010375977, 0.3306249976158142]
[2.89778208732605, 0.2718749940395355]
[2.8206610679626465, 0.27437499165534973]
[2.739863872528076, 0.3306249976158142]
[2.8087613582611084, 0.2731249928474426]
[2.839740514755249, 0.2931250035762787]
[2.847569465637207, 0.26875001192092896]
[2.6582508087158203, 0.3375000059604645]
[2.7876572608947754, 0.27250000834465027]
[2.7333128452301025, 0.32249999046325684]
[2.753098964691162, 0.30812498927116394]
[2.739229440689087, 0.30125001072883606]
[2.652374029159546, 0.3243750035762787]
[2.6934385299682617, 0.34437501430511475]
[2.751807689666748, 0.2943750023841858]
[2.6751255989074707, 0.33250001072883606]
[2.7187750339508057, 0.3006249964237213]
[2.6977338790893555, 0.32749998569488525]
[2.617074966430664, 0.35499998927116394]
[2.64617919921875, 0.29249998927116394]
[2.7552852630615234, 0.31312501430511475]
[2.7051548957824707, 0.3087500035762787]
[2.6734111309051514, 0.328125]
[2.5862503051757812, 0.3568750023841858]
[2.710642099380493, 0.2887499928474426]
[2.7229909896850586, 0.2918750047683716]
[2.5341708660125732, 0.3499999940395355]
[2.677663803100586, 0.32875001430511475]
[2.668139934539795, 0.31437501311302185]
[2.699610710144043, 0.3075000047683716]
[2.6405727863311768, 0.32875001430511475]
[2.514150619506836, 0.3356249928474426]
[2.6572422981262207, 0.3006249964237213]
[2.6259751319885254, 0.3087500035762787]
[2.637662410736084, 0.30812498927116394]
[2.7670657634735107, 0.2574999928474426]
[2.6870126724243164, 0.3174999952316284]
[2.5631980895996094, 0.32374998927116394]
[2.6220569610595703, 0.3137499988079071]
[2.596665382385254, 0.3268750011920929]
[2.6222920417785645, 0.32124999165534973]
[2.6162359714508057, 0.29124999046325684]
[2.5482232570648193, 0.35249999165534973]
[2.645322561264038, 0.31687501072883606]
[2.5793213844299316, 0.30562499165534973]
[2.6910228729248047, 0.3075000047683716]
[2.607384204864502, 0.30125001072883606]
[2.7364501953125, 0.28187501430511475]
[2.6754813194274902, 0.29875001311302185]
[2.708813190460205, 0.3149999976158142]
[2.713860511779785, 0.29624998569488525]
[2.517183780670166, 0.3474999964237213]
[2.552934169769287, 0.31937500834465027]
[2.5901107788085938, 0.34062498807907104]
[2.60050630569458, 0.3087500035762787]
[2.515307903289795, 0.33250001072883606]
[2.5726475715637207, 0.31062498688697815]
[2.5349299907684326, 0.33375000953674316]
[2.567233085632324, 0.3318749964237213]
[2.550070285797119, 0.3462499976158142]
[2.543181896209717, 0.33500000834465027]
[2.536949396133423, 0.3356249928474426]
[2.5481362342834473, 0.3218750059604645]
[2.588067054748535, 0.29875001311302185]
[2.537740468978882, 0.3474999964237213]
[2.5854713916778564, 0.33375000953674316]
[2.452880859375, 0.3543750047683716]
[2.5061049461364746, 0.32624998688697815]
[2.587027072906494, 0.3487499952316284]
[2.5584709644317627, 0.3043749928474426]
[2.640836715698242, 0.2993749976158142]
[2.5142292976379395, 0.3499999940395355]
[2.5530290603637695, 0.3387500047683716]
[2.5683271884918213, 0.32749998569488525]
[2.482283353805542, 0.3462499976158142]
[2.5813755989074707, 0.31062498688697815]
[2.5394062995910645, 0.3149999976158142]
[2.5702295303344727, 0.3268750011920929]
[2.4156737327575684, 0.3512499928474426]
[2.573240280151367, 0.33812499046325684]
[2.5602383613586426, 0.33000001311302185]
[2.6525845527648926, 0.3006249964237213]
[2.5529446601867676, 0.32624998688697815]
[2.4939517974853516, 0.3568750023841858]
[2.468596935272217, 0.3331249952316284]
[2.49356746673584, 0.31812500953674316]
[2.5181732177734375, 0.3425000011920929]
[2.628082275390625, 0.30562499165534973]
[2.4470348358154297, 0.35062500834465027]
[2.4829816818237305, 0.3387500047683716]
[2.4295427799224854, 0.33125001192092896]
[2.481597900390625, 0.3499999940395355]
[2.386361598968506, 0.35249999165534973]
[2.515289306640625, 0.34562501311302185]
[2.5592546463012695, 0.3174999952316284]
[2.421813488006592, 0.3331249952316284]
[2.4056248664855957, 0.36500000953674316]
[2.6215596199035645, 0.2981249988079071]
[2.46267032623291, 0.32875001430511475]
[2.3847360610961914, 0.36000001430511475]
[2.4528114795684814, 0.33687499165534973]
[2.5565407276153564, 0.30000001192092896]
[2.5586023330688477, 0.30000001192092896]
[2.419525623321533, 0.3518750071525574]
[2.5897345542907715, 0.3075000047683716]
[2.4901795387268066, 0.3518750071525574]
[2.4820117950439453, 0.3556250035762787]
[2.533146858215332, 0.3499999940395355]
[2.4309873580932617, 0.36125001311302185]
[2.5197935104370117, 0.3268750011920929]
[2.4858431816101074, 0.32875001430511475]
[2.5102922916412354, 0.34187498688697815]
[2.4258780479431152, 0.3700000047683716]
[2.50042986869812, 0.32124999165534973]
[2.4690160751342773, 0.3412500023841858]
[2.4519989490509033, 0.33000001311302185]
[2.4001412391662598, 0.34437501430511475]
[2.4027469158172607, 0.35249999165534973]
[2.537820339202881, 0.33250001072883606]
[2.494410991668701, 0.3343749940395355]
[2.4348721504211426, 0.3449999988079071]
[2.3325066566467285, 0.36937499046325684]
[2.440676212310791, 0.34375]
[2.5296339988708496, 0.32374998927116394]
[2.4863719940185547, 0.3174999952316284]
[2.486044406890869, 0.3474999964237213]
[2.525735378265381, 0.30937498807907104]
[2.3508787155151367, 0.36500000953674316]
[2.531303644180298, 0.31812500953674316]
[2.4078922271728516, 0.3643749952316284]
[2.4302737712860107, 0.359375]
[2.47778058052063, 0.34812501072883606]
[2.433077573776245, 0.36250001192092896]
[2.5575478076934814, 0.3218750059604645]
[2.489990711212158, 0.3412500023841858]
[2.476499557495117, 0.3306249976158142]
[2.484558582305908, 0.3231250047683716]
[2.520292282104492, 0.30812498927116394]
[2.4572033882141113, 0.3581250011920929]
[2.4653751850128174, 0.3512499928474426]
[2.4311113357543945, 0.3356249928474426]
[2.278998374938965, 0.37937501072883606]
[2.3939414024353027, 0.3618749976158142]
[2.473978042602539, 0.34312498569488525]
[2.365077495574951, 0.3543750047683716]
[2.51495361328125, 0.3375000059604645]
[2.446417808532715, 0.34375]
[2.3970837593078613, 0.3400000035762787]
[2.401149272918701, 0.36500000953674316]
[2.4404659271240234, 0.32624998688697815]
[2.454720973968506, 0.3499999940395355]
[2.42690110206604, 0.35874998569488525]
[2.464759588241577, 0.33937498927116394]
[2.3903369903564453, 0.3474999964237213]
[2.35652494430542, 0.3737500011920929]
[2.3543264865875244, 0.3581250011920929]
[2.286459445953369, 0.3668749928474426]
[2.3697404861450195, 0.3631249964237213]
[2.4822394847869873, 0.33000001311302185]
[2.340468406677246, 0.37312498688697815]
[2.3278613090515137, 0.3687500059604645]
[2.473787307739258, 0.35249999165534973]
[2.4037246704101562, 0.3387500047683716]
[2.323732376098633, 0.35499998927116394]
[2.414623737335205, 0.3400000035762787]
[2.447640895843506, 0.35749998688697815]
[2.3556976318359375, 0.35374999046325684]
[2.496412754058838, 0.3400000035762787]
[2.4207282066345215, 0.3218750059604645]
[2.3392930030822754, 0.3931249976158142]
[2.3762927055358887, 0.3824999928474426]
[2.400888204574585, 0.36625000834465027]
[2.3615171909332275, 0.37812501192092896]
[2.3754422664642334, 0.35874998569488525]
[2.3772082328796387, 0.36000001430511475]
[2.3893280029296875, 0.36375001072883606]
[2.3354482650756836, 0.3737500011920929]
[2.3909897804260254, 0.37937501072883606]
[2.356426954269409, 0.36625000834465027]
[2.42431640625, 0.3556250035762787]
[2.346555709838867, 0.39125001430511475]
[2.472154140472412, 0.3318749964237213]
[2.3060007095336914, 0.3843750059604645]
[2.3403420448303223, 0.36812499165534973]
[2.5105786323547363, 0.3243750035762787]
[2.402876138687134, 0.34812501072883606]
[2.3653950691223145, 0.3543750047683716]
[2.3110368251800537, 0.38187500834465027]
[2.3220431804656982, 0.36500000953674316]
[2.3656673431396484, 0.3931249976158142]
[2.3658370971679688, 0.3774999976158142]
[2.3258273601531982, 0.3725000023841858]
[2.4667892456054688, 0.34812501072883606]
[2.3405685424804688, 0.36625000834465027]
[2.3684682846069336, 0.3799999952316284]
[2.3233132362365723, 0.39125001430511475]
[2.334655284881592, 0.3881250023841858]
[2.368544816970825, 0.3556250035762787]
[2.475001335144043, 0.33000001311302185]
[2.41506028175354, 0.3556250035762787]
[2.390681505203247, 0.3512499928474426]
[2.307131290435791, 0.3631249964237213]
[2.365253448486328, 0.3774999976158142]
[2.385049819946289, 0.35499998927116394]
[2.3422024250030518, 0.36812499165534973]
[2.3220181465148926, 0.35499998927116394]
[2.3960790634155273, 0.35749998688697815]
[2.3897738456726074, 0.37812501192092896]
[2.373556613922119, 0.3449999988079071]
[2.4823272228240967, 0.3331249952316284]
[2.3910467624664307, 0.3618749976158142]
[2.379905939102173, 0.37562501430511475]
[2.4314188957214355, 0.3531250059604645]
[2.2022690773010254, 0.4050000011920929]
[2.3287160396575928, 0.3499999940395355]
[2.3619189262390137, 0.36125001311302185]
[2.4412736892700195, 0.3518750071525574]
[2.3538856506347656, 0.35249999165534973]
[2.273876428604126, 0.3787499964237213]
[2.2637829780578613, 0.39125001430511475]
[2.4217028617858887, 0.3568750023841858]
[2.249732732772827, 0.3812499940395355]
[2.2714929580688477, 0.38499999046325684]
[2.4125313758850098, 0.36812499165534973]
[2.3716790676116943, 0.37312498688697815]
[2.361806869506836, 0.3606249988079071]
[2.304934024810791, 0.36937499046325684]
[2.367943286895752, 0.3700000047683716]
[2.333381414413452, 0.3656249940395355]
[2.256340980529785, 0.3774999976158142]
[2.304093837738037, 0.3787499964237213]
[2.3925232887268066, 0.359375]
[2.2830300331115723, 0.40437498688697815]
[2.2742838859558105, 0.37937501072883606]
[2.2785146236419678, 0.3868750035762787]
[2.353973865509033, 0.3656249940395355]
[2.2229700088500977, 0.3737500011920929]
[2.386641502380371, 0.35374999046325684]
[2.266932487487793, 0.3868750035762787]
[2.3203675746917725, 0.38062500953674316]
[2.3100008964538574, 0.359375]
[2.2811732292175293, 0.3787499964237213]
[2.3420677185058594, 0.35249999165534973]
[2.2993526458740234, 0.37062498927116394]
[2.3715479373931885, 0.38187500834465027]
[2.4120655059814453, 0.37062498927116394]
[2.3980329036712646, 0.34375]
[2.3149232864379883, 0.39250001311302185]
[2.252413272857666, 0.39625000953674316]
[2.374779224395752, 0.375]
[2.272679567337036, 0.39250001311302185]
[2.2500624656677246, 0.3843750059604645]
[2.3614988327026367, 0.36812499165534973]
[2.324355125427246, 0.359375]
[2.3307762145996094, 0.38374999165534973]
[2.2286086082458496, 0.3843750059604645]
[2.3240275382995605, 0.3581250011920929]
[2.1471805572509766, 0.4193750023841858]
[2.37437105178833, 0.36125001311302185]
[2.3594040870666504, 0.3668749928474426]
[2.2438201904296875, 0.3799999952316284]
[2.291534423828125, 0.3581250011920929]
[2.2341134548187256, 0.38374999165534973]
[2.27378511428833, 0.3799999952316284]
[2.262577533721924, 0.37437498569488525]
[2.289135456085205, 0.40187498927116394]
[2.2590088844299316, 0.38749998807907104]
[2.40926194190979, 0.3581250011920929]
[2.2936127185821533, 0.39125001430511475]
[2.2272915840148926, 0.40187498927116394]
[2.259641408920288, 0.39375001192092896]
[2.3498358726501465, 0.3812499940395355]
[2.3962252140045166, 0.36000001430511475]
[2.2882614135742188, 0.3700000047683716]
[2.315885066986084, 0.3712500035762787]
[2.2236170768737793, 0.390625]
[2.3113772869110107, 0.36250001192092896]
[2.345879316329956, 0.36125001311302185]
[2.453435182571411, 0.3462499976158142]
[2.3469510078430176, 0.3631249964237213]
[2.3352556228637695, 0.3725000023841858]
[2.386117458343506, 0.35749998688697815]
[2.251126527786255, 0.40625]
[2.259798526763916, 0.3918749988079071]
[2.230149984359741, 0.39937499165534973]
[2.1919941902160645, 0.40187498927116394]
[2.409494400024414, 0.34937500953674316]
[2.3328189849853516, 0.3675000071525574]
[2.1869893074035645, 0.39750000834465027]
[2.2898221015930176, 0.3918749988079071]
[2.3035025596618652, 0.36500000953674316]
[2.3305811882019043, 0.35874998569488525]
[2.283590793609619, 0.3725000023841858]
[2.353914737701416, 0.36000001430511475]
[2.273872137069702, 0.37437498569488525]
[2.3275227546691895, 0.34937500953674316]
[2.2030086517333984, 0.38874998688697815]
[2.2954177856445312, 0.3893750011920929]
[2.3011772632598877, 0.37562501430511475]
[2.3160953521728516, 0.3812499940395355]
[2.242494583129883, 0.38062500953674316]
[2.4036898612976074, 0.3487499952316284]
[2.303173780441284, 0.39500001072883606]
[2.284362316131592, 0.3812499940395355]
[2.2696285247802734, 0.3725000023841858]
[2.260194778442383, 0.36937499046325684]
[2.188138961791992, 0.3943749964237213]
[2.2851123809814453, 0.3831250071525574]
[2.190661907196045, 0.3918749988079071]
[2.145813226699829, 0.41499999165534973]
[2.3558149337768555, 0.3712500035762787]
[2.252439022064209, 0.3968749940395355]
[2.2579903602600098, 0.39125001430511475]
[2.214068651199341, 0.4050000011920929]
[2.239312171936035, 0.40687501430511475]
[2.1987061500549316, 0.40562498569488525]
[2.1603221893310547, 0.41874998807907104]
[2.16403865814209, 0.4168750047683716]
[2.2988579273223877, 0.37812501192092896]
[2.2060418128967285, 0.38749998807907104]
[2.204195737838745, 0.40187498927116394]
[2.3649535179138184, 0.3512499928474426]
[2.203420639038086, 0.4000000059604645]
[2.1713526248931885, 0.40562498569488525]
[2.1575088500976562, 0.40687501430511475]
[2.1764698028564453, 0.4168750047683716]
[2.301654577255249, 0.3812499940395355]
[2.20786714553833, 0.40625]
[2.229942798614502, 0.38062500953674316]
[2.1460931301116943, 0.4293749928474426]
[2.1378061771392822, 0.4193750023841858]
[2.2415215969085693, 0.38874998688697815]
[2.2414214611053467, 0.39625000953674316]
[2.2744810581207275, 0.37687501311302185]
[2.1560442447662354, 0.39375001192092896]
[2.1406588554382324, 0.41062501072883606]
[2.2470555305480957, 0.39250001311302185]
[2.3068668842315674, 0.3812499940395355]
[2.1617884635925293, 0.40437498688697815]
[2.269754409790039, 0.37312498688697815]
[2.141746997833252, 0.42375001311302185]
[2.2272868156433105, 0.39250001311302185]
[2.182842493057251, 0.40562498569488525]
[2.253295421600342, 0.38062500953674316]
[2.24383544921875, 0.3881250023841858]
[2.1423258781433105, 0.4268749952316284]
[2.2720704078674316, 0.38874998688697815]
[2.1237974166870117, 0.42750000953674316]
[2.1731204986572266, 0.41187500953674316]
[2.1429295539855957, 0.41874998807907104]
[2.126577615737915, 0.4143750071525574]
[2.157904624938965, 0.40062499046325684]
[2.2986550331115723, 0.3675000071525574]
[2.2953009605407715, 0.38062500953674316]
[2.2703938484191895, 0.38624998927116394]
[2.2750515937805176, 0.3687500059604645]
[2.2072596549987793, 0.4037500023841858]
[2.2835662364959717, 0.3812499940395355]
[2.2726383209228516, 0.3606249988079071]
[2.117985248565674, 0.41062501072883606]
[2.297794818878174, 0.38062500953674316]
[2.2603039741516113, 0.38874998688697815]
[2.255976915359497, 0.3700000047683716]
[2.220261335372925, 0.3956249952316284]
[2.1950936317443848, 0.40937501192092896]
[2.2474045753479004, 0.36375001072883606]
[2.1947197914123535, 0.4074999988079071]
[2.139051675796509, 0.3968749940395355]
[2.2315878868103027, 0.3868750035762787]
[2.2791266441345215, 0.36000001430511475]
[2.1513710021972656, 0.4168750047683716]
[2.2132091522216797, 0.38499999046325684]
[2.157196283340454, 0.41312500834465027]
[2.2810659408569336, 0.37062498927116394]
[2.2593390941619873, 0.37937501072883606]
[2.1889047622680664, 0.39750000834465027]
[2.228637456893921, 0.3831250071525574]
[2.133991241455078, 0.40937501192092896]
[2.2230520248413086, 0.390625]
[2.267340660095215, 0.38187500834465027]
[2.191204309463501, 0.3987500071525574]
[2.240046501159668, 0.38062500953674316]
[2.193668842315674, 0.39375001192092896]
[2.106701135635376, 0.41624999046325684]
[2.2287673950195312, 0.39625000953674316]
[2.273449420928955, 0.36812499165534973]
[2.1933274269104004, 0.3956249952316284]
[2.2712488174438477, 0.375]
[2.2199349403381348, 0.3675000071525574]
[2.28290057182312, 0.36375001072883606]
[2.172757148742676, 0.41062501072883606]
[2.1596198081970215, 0.390625]
[2.2355263233184814, 0.38874998688697815]
[2.107658624649048, 0.4206250011920929]
[2.1646385192871094, 0.4099999964237213]
[2.186211585998535, 0.40562498569488525]
[2.1612963676452637, 0.4000000059604645]
[2.1745471954345703, 0.3918749988079071]
[2.2172303199768066, 0.3812499940395355]
[2.1718249320983887, 0.39375001192092896]
[2.2157435417175293, 0.390625]
[2.261465072631836, 0.37937501072883606]
[2.2717461585998535, 0.3799999952316284]
[2.214691162109375, 0.3856250047683716]
[2.3018691539764404, 0.36125001311302185]
[2.237783908843994, 0.3787499964237213]
[2.1509037017822266, 0.41062501072883606]
[2.262259006500244, 0.37562501430511475]
[2.1685400009155273, 0.4025000035762787]
[2.2152323722839355, 0.37312498688697815]
[2.287684440612793, 0.3687500059604645]
[2.0664310455322266, 0.4399999976158142]
[2.109722375869751, 0.40625]
[2.137068510055542, 0.4000000059604645]
[2.2387423515319824, 0.3687500059604645]
[2.152296304702759, 0.40687501430511475]
[2.1386537551879883, 0.4025000035762787]
[2.1396477222442627, 0.41624999046325684]
[2.1860556602478027, 0.39625000953674316]
[2.1797332763671875, 0.3987500071525574]
[2.237222194671631, 0.375]
[2.159127712249756, 0.39937499165534973]
[2.176730155944824, 0.39937499165534973]
[2.1506941318511963, 0.4112499952316284]
[2.2086756229400635, 0.38874998688697815]
[2.1190099716186523, 0.42750000953674316]
[2.221818685531616, 0.3868750035762787]
[2.107105016708374, 0.4268749952316284]
[2.1667423248291016, 0.3987500071525574]
[2.155329704284668, 0.40187498927116394]
[2.0981106758117676, 0.41874998807907104]
[2.1141295433044434, 0.4000000059604645]
[2.1281962394714355, 0.4099999964237213]
[2.1627678871154785, 0.38874998688697815]