[4.452775955200195, 0.012500000186264515]
[4.337638854980469, 0.24375000596046448]
[4.171780586242676, 0.26625001430511475]
[4.034607410430908, 0.24500000476837158]
[3.8854446411132812, 0.22374999523162842]
[3.69295597076416, 0.25062501430511475]
[3.5517354011535645, 0.2593750059604645]
[3.599595308303833, 0.20374999940395355]
[3.4529366493225098, 0.24500000476837158]
[3.332426071166992, 0.2487500011920929]
[3.370645761489868, 0.23937499523162842]
[3.2797727584838867, 0.24437500536441803]
[3.379206418991089, 0.16750000417232513]
[3.253053903579712, 0.2306250035762787]
[3.2598915100097656, 0.2462500035762787]
[3.2468013763427734, 0.2150000035762787]
[3.2716193199157715, 0.24437500536441803]
[3.2285830974578857, 0.2212499976158142]
[3.1831889152526855, 0.24062499403953552]
[3.310271739959717, 0.21125000715255737]
[3.310880661010742, 0.20250000059604645]
[3.150421619415283, 0.24187499284744263]
[3.1325016021728516, 0.2487500011920929]
[3.272212505340576, 0.21875]
[3.2719154357910156, 0.16625000536441803]
[3.294968605041504, 0.20125000178813934]
[3.216014862060547, 0.24062499403953552]
[3.2206978797912598, 0.19812500476837158]
[3.109431743621826, 0.2693749964237213]
[3.2327704429626465, 0.24124999344348907]
[3.1778478622436523, 0.25999999046325684]
[3.2505366802215576, 0.21875]
[3.2078046798706055, 0.17125000059604645]
[3.2223024368286133, 0.2224999964237213]
[3.203610420227051, 0.2549999952316284]
[3.273484230041504, 0.2068749964237213]
[3.211582660675049, 0.22499999403953552]
[3.2292304039001465, 0.26124998927116394]
[3.1888821125030518, 0.2512499988079071]
[3.186911106109619, 0.19625000655651093]
[3.185988426208496, 0.22562499344348907]
[3.2286601066589355, 0.2212499976158142]
[3.2152023315429688, 0.23937499523162842]
[3.1560468673706055, 0.24500000476837158]
[3.196963310241699, 0.24437500536441803]
[3.2554469108581543, 0.1875]
[3.1769914627075195, 0.20374999940395355]
[3.1888864040374756, 0.23375000059604645]
[3.205446243286133, 0.2043749988079071]
[3.1867072582244873, 0.2462500035762787]
[3.131498336791992, 0.2693749964237213]
[3.2121806144714355, 0.21437500417232513]
[3.1487531661987305, 0.21437500417232513]
[3.2232425212860107, 0.18812499940395355]
[3.195408582687378, 0.17687499523162842]
[3.1984164714813232, 0.21562500298023224]
[3.139735698699951, 0.22624999284744263]
[3.2067322731018066, 0.21937499940395355]
[3.1832456588745117, 0.22562499344348907]
[3.207602024078369, 0.2475000023841858]
[3.2463934421539307, 0.1862500011920929]
[3.1579928398132324, 0.22187499701976776]
[3.150700330734253, 0.22312499582767487]
[3.151508331298828, 0.2462500035762787]
[3.1094045639038086, 0.25874999165534973]
[3.131850481033325, 0.22374999523162842]
[3.1406805515289307, 0.24437500536441803]
[3.0721559524536133, 0.25874999165534973]
[3.1628355979919434, 0.24500000476837158]
[3.1304397583007812, 0.2681249976158142]
[3.160910129547119, 0.19875000417232513]
[3.1730399131774902, 0.22437499463558197]
[3.225574016571045, 0.2018750011920929]
[3.1252846717834473, 0.2524999976158142]
[3.1991078853607178, 0.21250000596046448]
[3.0991532802581787, 0.22437499463558197]
[3.1230812072753906, 0.2606250047683716]
[3.0975608825683594, 0.25999999046325684]
[3.210076332092285, 0.20999999344348907]
[3.2082834243774414, 0.19249999523162842]
[3.1168627738952637, 0.2618750035762787]
[3.1376736164093018, 0.2199999988079071]
[3.1650028228759766, 0.203125]
[3.086294412612915, 0.23624999821186066]
[3.121272563934326, 0.21875]
[3.1763315200805664, 0.234375]
[3.080744981765747, 0.2606250047683716]
[3.1675119400024414, 0.2368749976158142]
[3.141449451446533, 0.22312499582767487]
[3.133626699447632, 0.2318750023841858]
[3.107297897338867, 0.23499999940395355]
[3.067999839782715, 0.24187499284744263]
[3.1744749546051025, 0.21062499284744263]
[3.129312753677368, 0.25187501311302185]
[3.1153717041015625, 0.26625001430511475]
[3.0939278602600098, 0.25062501430511475]
[3.0693702697753906, 0.22937500476837158]
[3.009453773498535, 0.2731249928474426]
[3.112797498703003, 0.265625]
[3.091374397277832, 0.24812500178813934]
[3.08603835105896, 0.265625]
[3.0537610054016113, 0.23125000298023224]
[3.079862594604492, 0.2693749964237213]
[3.1603312492370605, 0.2043749988079071]
[3.05928897857666, 0.2487500011920929]
[3.1431446075439453, 0.23874999582767487]
[3.145587205886841, 0.2199999988079071]
[3.0968966484069824, 0.24312500655651093]
[3.066710948944092, 0.2475000023841858]
[3.090019702911377, 0.20937499403953552]
[3.1523585319519043, 0.1837500035762787]
[3.0485572814941406, 0.28187501430511475]
[3.0303940773010254, 0.25187501311302185]
[3.004441738128662, 0.24312500655651093]
[3.024155616760254, 0.23250000178813934]
[3.061008930206299, 0.2175000011920929]
[3.110832691192627, 0.203125]
[3.1011295318603516, 0.23375000059604645]
[3.050276756286621, 0.21687500178813934]
[3.1615183353424072, 0.20499999821186066]
[3.113889455795288, 0.20874999463558197]
[3.051128387451172, 0.25999999046325684]
[3.0140202045440674, 0.26875001192092896]
[3.0456511974334717, 0.2306250035762787]
[3.0962367057800293, 0.20999999344348907]
[3.012281894683838, 0.23000000417232513]
[3.0592386722564697, 0.19187499582767487]
[3.007513999938965, 0.24375000596046448]
[3.0600733757019043, 0.22687500715255737]
[2.9757766723632812, 0.25187501311302185]
[3.0425806045532227, 0.2524999976158142]
[2.904421806335449, 0.25874999165534973]
[2.9760007858276367, 0.25062501430511475]
[2.989656448364258, 0.22562499344348907]
[3.0069971084594727, 0.24312500655651093]
[3.0102643966674805, 0.21937499940395355]
[2.9942612648010254, 0.24187499284744263]
[3.0085535049438477, 0.23874999582767487]
[3.0046963691711426, 0.24062499403953552]
[2.879040479660034, 0.26625001430511475]
[2.9722042083740234, 0.26750001311302185]
[3.0578017234802246, 0.23937499523162842]
[2.926292657852173, 0.2631250023841858]
[2.898000955581665, 0.265625]
[2.997417449951172, 0.24312500655651093]
[2.870816707611084, 0.27125000953674316]
[2.9118082523345947, 0.2718749940395355]
[2.9385366439819336, 0.23937499523162842]
[2.8203506469726562, 0.2787500023841858]
[2.8479208946228027, 0.2956250011920929]
[2.9354429244995117, 0.23999999463558197]
[2.907292366027832, 0.27125000953674316]
[2.9610111713409424, 0.25437501072883606]
[2.8975915908813477, 0.27437499165534973]
[2.845463752746582, 0.2618750035762787]
[2.8525192737579346, 0.28062498569488525]
[2.8503541946411133, 0.2956250011920929]
[2.931309461593628, 0.24937500059604645]
[2.926039218902588, 0.2787500023841858]
[2.9527037143707275, 0.2537499964237213]
[2.917048454284668, 0.2737500071525574]
[2.771359920501709, 0.3125]
[2.7770581245422363, 0.30937498807907104]
[2.7590675354003906, 0.3218750059604645]
[2.8877320289611816, 0.2718749940395355]
[2.808234691619873, 0.2943750023841858]
[2.799304962158203, 0.3043749928474426]
[2.7968904972076416, 0.2918750047683716]
[2.7746973037719727, 0.3087500035762787]
[2.7331480979919434, 0.32499998807907104]
[2.8190460205078125, 0.2893750071525574]
[2.767017364501953, 0.29750001430511475]
[2.7809972763061523, 0.3006249964237213]
[2.803107738494873, 0.2893750071525574]
[2.6380972862243652, 0.3075000047683716]
[2.7234721183776855, 0.3231250047683716]
[2.7832014560699463, 0.3018749952316284]
[2.7695975303649902, 0.3162499964237213]
[2.6803317070007324, 0.3199999928474426]
[2.74931001663208, 0.29499998688697815]
[2.637485980987549, 0.3400000035762787]
[2.721973419189453, 0.31187498569488525]
[2.6316018104553223, 0.3318749964237213]
[2.6967732906341553, 0.3425000011920929]
[2.7251882553100586, 0.28437501192092896]
[2.683833599090576, 0.31812500953674316]
[2.690229892730713, 0.2887499928474426]
[2.8355324268341064, 0.26499998569488525]
[2.63474178314209, 0.3462499976158142]
[2.75364351272583, 0.27937498688697815]
[2.714702606201172, 0.31312501430511475]
[2.673861503601074, 0.32374998927116394]
[2.7229115962982178, 0.3050000071525574]
[2.7060563564300537, 0.28687500953674316]
[2.6445069313049316, 0.32249999046325684]
[2.6276330947875977, 0.31062498688697815]
[2.7116780281066895, 0.30000001192092896]
[2.762824535369873, 0.29499998688697815]
[2.575467109680176, 0.3306249976158142]
[2.676309108734131, 0.3050000071525574]
[2.6257848739624023, 0.3199999928474426]
[2.667600393295288, 0.32124999165534973]
[2.537903308868408, 0.35062500834465027]
[2.570518732070923, 0.34062498807907104]
[2.5998101234436035, 0.3449999988079071]
[2.7521400451660156, 0.28562501072883606]
[2.661390781402588, 0.2906250059604645]
[2.6622726917266846, 0.31937500834465027]
[2.5648136138916016, 0.33000001311302185]
[2.5114121437072754, 0.3474999964237213]
[2.572625160217285, 0.3187499940395355]
[2.5699760913848877, 0.32124999165534973]
[2.5774192810058594, 0.32749998569488525]
[2.5827994346618652, 0.33250001072883606]
[2.567035675048828, 0.33250001072883606]
[2.596853733062744, 0.33000001311302185]
[2.6284120082855225, 0.30687499046325684]
[2.6037254333496094, 0.3318749964237213]
[2.570664405822754, 0.3293749988079071]
[2.595080852508545, 0.33125001192092896]
[2.6462314128875732, 0.29624998569488525]
[2.574573278427124, 0.32499998807907104]
[2.5135340690612793, 0.34937500953674316]
[2.49916672706604, 0.34187498688697815]
[2.606320381164551, 0.32249999046325684]
[2.625548839569092, 0.30687499046325684]
[2.487387180328369, 0.34312498569488525]
[2.671938419342041, 0.28312501311302185]
[2.513169288635254, 0.32624998688697815]
[2.502194881439209, 0.3449999988079071]
[2.623636245727539, 0.3187499940395355]
[2.5662546157836914, 0.32749998569488525]
[2.638652801513672, 0.3112500011920929]
[2.6289186477661133, 0.3087500035762787]
[2.5352559089660645, 0.30812498927116394]
[2.571956157684326, 0.32124999165534973]
[2.5050885677337646, 0.3331249952316284]
[2.5811896324157715, 0.30125001072883606]
[2.565904378890991, 0.3174999952316284]
[2.6079416275024414, 0.3043749928474426]
[2.500570774078369, 0.3256250023841858]
[2.526170253753662, 0.3174999952316284]
[2.5038156509399414, 0.3499999940395355]
[2.4515562057495117, 0.33250001072883606]
[2.5821609497070312, 0.3206250071525574]
[2.573704242706299, 0.31437501311302185]
[2.6519265174865723, 0.31312501430511475]
[2.594991683959961, 0.3087500035762787]
[2.395928382873535, 0.3725000023841858]
[2.616878032684326, 0.3256250023841858]
[2.5767099857330322, 0.3174999952316284]
[2.423875093460083, 0.35874998569488525]
[2.492359161376953, 0.34937500953674316]
[2.4952921867370605, 0.3075000047683716]
[2.5057764053344727, 0.32749998569488525]
[2.4895758628845215, 0.33500000834465027]
[2.413763999938965, 0.3356249928474426]
[2.528132915496826, 0.3343749940395355]
[2.5653984546661377, 0.30375000834465027]
[2.601752996444702, 0.32124999165534973]
[2.557079553604126, 0.3062500059604645]
[2.502840995788574, 0.34812501072883606]
[2.4537220001220703, 0.3512499928474426]
[2.4617161750793457, 0.3293749988079071]
[2.466362714767456, 0.3206250071525574]
[2.48811411857605, 0.31812500953674316]
[2.4787795543670654, 0.3318749964237213]
[2.3760738372802734, 0.35624998807907104]
[2.5691840648651123, 0.3318749964237213]
[2.5024588108062744, 0.33000001311302185]
[2.565486192703247, 0.3087500035762787]
[2.489149332046509, 0.34375]
[2.420213222503662, 0.3581250011920929]
[2.5199320316314697, 0.31812500953674316]
[2.42431640625, 0.3449999988079071]
[2.455254554748535, 0.3387500047683716]
[2.492399215698242, 0.3462499976158142]
[2.51590633392334, 0.3293749988079071]
[2.3808512687683105, 0.3556250035762787]
[2.404268264770508, 0.34187498688697815]
[2.4321160316467285, 0.3487499952316284]
[2.524754047393799, 0.32749998569488525]
[2.5019590854644775, 0.31687501072883606]
[2.4162120819091797, 0.35062500834465027]
[2.428770065307617, 0.3243750035762787]
[2.3725273609161377, 0.3687500059604645]
[2.5202598571777344, 0.3256250023841858]
[2.444608688354492, 0.3462499976158142]
[2.383026599884033, 0.3712500035762787]
[2.414498805999756, 0.34437501430511475]
[2.4525771141052246, 0.36812499165534973]
[2.417752265930176, 0.33687499165534973]
[2.4719367027282715, 0.3137499988079071]
[2.3481860160827637, 0.36375001072883606]
[2.5118279457092285, 0.3018749952316284]
[2.4317662715911865, 0.34375]
[2.4097161293029785, 0.3606249988079071]
[2.4575247764587402, 0.3518750071525574]
[2.4710702896118164, 0.3199999928474426]
[2.4839539527893066, 0.3425000011920929]
[2.4733211994171143, 0.30937498807907104]