[4.454717636108398, 0.011250000447034836]
[4.454538345336914, 0.006874999962747097]
[4.453981399536133, 0.010625000111758709]
[4.454400062561035, 0.00937500037252903]
[4.454341888427734, 0.00937500037252903]
[4.454501628875732, 0.009999999776482582]
[4.454296112060547, 0.012500000186264515]
[4.453646659851074, 0.010625000111758709]
[4.454380035400391, 0.006874999962747097]
[4.454489707946777, 0.012500000186264515]
[4.4544358253479, 0.010625000111758709]
[4.454297065734863, 0.00937500037252903]
[4.45456075668335, 0.012500000186264515]
[4.454285621643066, 0.008124999701976776]
[4.453932762145996, 0.00937500037252903]
[4.45416259765625, 0.009999999776482582]
[4.454184532165527, 0.010625000111758709]
[4.454512596130371, 0.0062500000931322575]
[4.454252243041992, 0.008124999701976776]
[4.454472541809082, 0.008124999701976776]