[4.4547929763793945, 0.010625000111758709]
[4.346830368041992, 0.22812500596046448]
[4.191888332366943, 0.23874999582767487]
[4.079489707946777, 0.1993750035762787]
[3.9078855514526367, 0.21125000715255737]
[3.7265782356262207, 0.2306250035762787]
[3.6795802116394043, 0.21062499284744263]
[3.4651546478271484, 0.2487500011920929]
[3.397141933441162, 0.24250000715255737]
[3.4368667602539062, 0.20125000178813934]
[3.240492820739746, 0.27125000953674316]
[3.433070659637451, 0.16062499582767487]
[3.3301405906677246, 0.2068749964237213]
[3.311581611633301, 0.20937499403953552]
[3.322011709213257, 0.24187499284744263]
[3.282956123352051, 0.24062499403953552]
[3.3520288467407227, 0.19187499582767487]
[3.182466506958008, 0.2593750059604645]
[3.2187814712524414, 0.22499999403953552]
[3.173098564147949, 0.25874999165534973]
[3.211418867111206, 0.23499999940395355]
[3.1138577461242676, 0.2693749964237213]
[3.1793713569641113, 0.2175000011920929]
[3.2866392135620117, 0.22062499821186066]
[3.1538338661193848, 0.23749999701976776]
[3.281562328338623, 0.20874999463558197]
[3.245802402496338, 0.18062500655651093]
[3.2034482955932617, 0.2150000035762787]
[3.246455192565918, 0.2524999976158142]
[3.174665927886963, 0.23000000417232513]
[3.2172179222106934, 0.23250000178813934]
[3.208728313446045, 0.22624999284744263]
[3.1479392051696777, 0.23624999821186066]
[3.1284823417663574, 0.265625]
[3.209994316101074, 0.21250000596046448]
[3.253934383392334, 0.19750000536441803]
[3.190636157989502, 0.2462500035762787]
[3.194431781768799, 0.22062499821186066]
[3.2498974800109863, 0.21375000476837158]
[3.188007354736328, 0.2537499964237213]
[3.18290376663208, 0.24562500417232513]
[3.2138733863830566, 0.20250000059604645]
[3.2045211791992188, 0.24375000596046448]
[3.211266040802002, 0.20374999940395355]
[3.118969440460205, 0.2462500035762787]
[3.1776576042175293, 0.23999999463558197]
[3.179046154022217, 0.22187499701976776]
[3.236811637878418, 0.2381249964237213]
[3.165043354034424, 0.2462500035762787]
[3.13920259475708, 0.2150000035762787]
[3.2151002883911133, 0.1837500035762787]
[3.2423505783081055, 0.21250000596046448]
[3.1647422313690186, 0.23375000059604645]
[3.1535139083862305, 0.2574999928474426]
[3.137094020843506, 0.23999999463558197]
[3.1308369636535645, 0.21437500417232513]
[3.1561620235443115, 0.21125000715255737]
[3.1294384002685547, 0.22624999284744263]
[3.135855197906494, 0.21312500536441803]
[3.1910407543182373, 0.23125000298023224]
[3.183009147644043, 0.20812499523162842]
[3.151458978652954, 0.19750000536441803]
[3.2169222831726074, 0.23000000417232513]
[3.21079683303833, 0.2356249988079071]
[3.089292287826538, 0.28437501192092896]
[3.2212271690368652, 0.171875]
[3.1508493423461914, 0.21187500655651093]
[3.117520332336426, 0.23375000059604645]
[3.1896979808807373, 0.21687500178813934]
[3.165508985519409, 0.1862500011920929]
[3.203780174255371, 0.1912499964237213]
[3.127746105194092, 0.22750000655651093]
[3.144718647003174, 0.24124999344348907]
[3.1798081398010254, 0.22562499344348907]
[3.0946574211120605, 0.23375000059604645]
[3.201361656188965, 0.16625000536441803]
[3.167728900909424, 0.2043749988079071]
[3.039517402648926, 0.2693749964237213]
[3.1682374477386475, 0.20999999344348907]
[3.1984455585479736, 0.20000000298023224]
[3.0691070556640625, 0.26124998927116394]
[3.190390110015869, 0.17937499284744263]
[3.15362286567688, 0.19437499344348907]
[3.1556551456451416, 0.1837500035762787]
[3.221179485321045, 0.2043749988079071]
[3.1788861751556396, 0.18562500178813934]
[3.1694955825805664, 0.2331250011920929]
[3.0709776878356934, 0.2356249988079071]
[3.0972862243652344, 0.21250000596046448]
[3.1505985260009766, 0.21312500536441803]
[3.135727882385254, 0.22875000536441803]
[3.186854839324951, 0.22187499701976776]
[3.1114425659179688, 0.265625]
[3.0792341232299805, 0.22187499701976776]
[3.053287982940674, 0.26875001192092896]
[3.07010555267334, 0.23624999821186066]
[3.1127853393554688, 0.21562500298023224]
[3.155057907104492, 0.23874999582767487]
[3.02374529838562, 0.27250000834465027]
[3.1534266471862793, 0.22875000536441803]
[3.1536459922790527, 0.20874999463558197]
[2.991471290588379, 0.2718749940395355]
[3.179802417755127, 0.1850000023841858]
[3.1741628646850586, 0.20937499403953552]
[3.07969331741333, 0.2606250047683716]
[3.119597911834717, 0.2306250035762787]
[3.0379679203033447, 0.22062499821186066]
[3.201815128326416, 0.17937499284744263]
[3.168839693069458, 0.22062499821186066]
[3.1640307903289795, 0.20374999940395355]
[3.1744613647460938, 0.21125000715255737]
[3.0674171447753906, 0.22687500715255737]
[3.118546485900879, 0.22624999284744263]
[3.143446445465088, 0.23250000178813934]
[3.06425404548645, 0.1912499964237213]
[3.0871589183807373, 0.19750000536441803]
[3.0657448768615723, 0.22499999403953552]
[3.0008788108825684, 0.24562500417232513]
[3.0687808990478516, 0.26124998927116394]
[3.10097599029541, 0.20125000178813934]
[3.071063995361328, 0.22812500596046448]
[3.0131421089172363, 0.2318750023841858]
[3.0430407524108887, 0.2606250047683716]
[3.1020796298980713, 0.19249999523162842]
[3.016118049621582, 0.2574999928474426]
[3.0083601474761963, 0.22312499582767487]
[3.0656650066375732, 0.2199999988079071]
[3.0836706161499023, 0.19562500715255737]
[2.9884963035583496, 0.24375000596046448]
[2.9995455741882324, 0.2512499988079071]
[3.020045042037964, 0.22937500476837158]
[2.9845728874206543, 0.2368749976158142]
[3.0598206520080566, 0.22437499463558197]
[2.9715685844421387, 0.23000000417232513]
[2.97404146194458, 0.2537499964237213]
[3.0178065299987793, 0.22875000536441803]
[2.96299409866333, 0.2593750059604645]
[3.027167320251465, 0.24062499403953552]
[2.8980140686035156, 0.3018749952316284]
[2.9071755409240723, 0.28125]
[3.0336718559265137, 0.25187501311302185]
[2.968477249145508, 0.2631250023841858]
[2.8542864322662354, 0.2981249988079071]
[2.969440460205078, 0.25]
[2.8696067333221436, 0.27000001072883606]
[2.921776294708252, 0.2574999928474426]
[2.9501023292541504, 0.26374998688697815]
[2.891587257385254, 0.28187501430511475]
[2.9271652698516846, 0.2487500011920929]
[2.8877248764038086, 0.26875001192092896]
[2.8979265689849854, 0.27562499046325684]
[2.9723973274230957, 0.2593750059604645]
[2.7987608909606934, 0.27250000834465027]
[2.8530197143554688, 0.2593750059604645]
[2.8417110443115234, 0.30687499046325684]
[2.9067392349243164, 0.26249998807907104]
[2.8543076515197754, 0.26625001430511475]
[2.772955894470215, 0.31187498569488525]
[2.838290214538574, 0.27812498807907104]
[2.858705759048462, 0.26750001311302185]
[2.825200080871582, 0.2862499952316284]
[2.851088762283325, 0.2874999940395355]
[2.7805278301239014, 0.31937500834465027]
[2.877495765686035, 0.2631250023841858]
[2.7818398475646973, 0.28687500953674316]
[2.766794204711914, 0.30250000953674316]
[2.765207052230835, 0.3006249964237213]
[2.8294007778167725, 0.2731249928474426]
[2.772368907928467, 0.3112500011920929]
[2.7099881172180176, 0.34312498569488525]
[2.7935280799865723, 0.32374998927116394]
[2.7510690689086914, 0.3006249964237213]
[2.657961845397949, 0.33812499046325684]
[2.7326455116271973, 0.31437501311302185]
[2.7105770111083984, 0.29499998688697815]
[2.667902946472168, 0.31562501192092896]
[2.6901276111602783, 0.30375000834465027]
[2.7609705924987793, 0.28062498569488525]
[2.7545595169067383, 0.31562501192092896]
[2.6606667041778564, 0.3031249940395355]
[2.8147735595703125, 0.29750001430511475]
[2.6375246047973633, 0.33250001072883606]
[2.688946485519409, 0.3218750059604645]
[2.629222869873047, 0.32624998688697815]
[2.7238693237304688, 0.30125001072883606]
[2.7619879245758057, 0.30562499165534973]
[2.649143934249878, 0.3343749940395355]
[2.7155141830444336, 0.28562501072883606]
[2.581307888031006, 0.3474999964237213]
[2.72318696975708, 0.3149999976158142]
[2.60916805267334, 0.33687499165534973]
[2.6216635704040527, 0.3318749964237213]
[2.712520122528076, 0.30687499046325684]
[2.673673629760742, 0.3187499940395355]
[2.6493473052978516, 0.31187498569488525]
[2.5732438564300537, 0.3318749964237213]
[2.6426584720611572, 0.3243750035762787]
[2.6658363342285156, 0.3375000059604645]
[2.5836663246154785, 0.3387500047683716]
[2.6474571228027344, 0.33000001311302185]
[2.6202921867370605, 0.32749998569488525]
[2.6559956073760986, 0.3306249976158142]
[2.64164400100708, 0.32124999165534973]
[2.7100324630737305, 0.3018749952316284]
[2.536287546157837, 0.3343749940395355]
[2.701054096221924, 0.28187501430511475]
[2.688838005065918, 0.3125]
[2.5720577239990234, 0.36125001311302185]
[2.6323368549346924, 0.3087500035762787]
[2.7130305767059326, 0.3187499940395355]
[2.6221890449523926, 0.33812499046325684]
[2.5269365310668945, 0.32624998688697815]
[2.649806499481201, 0.3100000023841858]
[2.579713821411133, 0.3425000011920929]
[2.6299962997436523, 0.2993749976158142]
[2.570244312286377, 0.34062498807907104]
[2.648059368133545, 0.31562501192092896]
[2.565467357635498, 0.35062500834465027]
[2.6501152515411377, 0.2775000035762787]
[2.5521397590637207, 0.32374998927116394]
[2.6022510528564453, 0.3112500011920929]
[2.48598051071167, 0.3518750071525574]
[2.5084733963012695, 0.3687500059604645]
[2.4907419681549072, 0.35249999165534973]
[2.6843457221984863, 0.28562501072883606]
[2.5915679931640625, 0.3256250023841858]
[2.520042896270752, 0.3306249976158142]
[2.5612425804138184, 0.32749998569488525]
[2.4974365234375, 0.34812501072883606]
[2.5383031368255615, 0.3387500047683716]
[2.6416659355163574, 0.31187498569488525]
[2.6663599014282227, 0.30375000834465027]
[2.6058387756347656, 0.3231250047683716]
[2.573176860809326, 0.31187498569488525]
[2.47540283203125, 0.35374999046325684]
[2.581300735473633, 0.29499998688697815]
[2.412569761276245, 0.3668749928474426]
[2.5214829444885254, 0.3518750071525574]
[2.478990077972412, 0.3425000011920929]
[2.5319604873657227, 0.34187498688697815]
[2.551560401916504, 0.3268750011920929]
[2.620814561843872, 0.31312501430511475]
[2.528066396713257, 0.3306249976158142]
[2.6020660400390625, 0.3206250071525574]
[2.452758312225342, 0.3474999964237213]
[2.5641746520996094, 0.30375000834465027]
[2.4727420806884766, 0.34312498569488525]
[2.4725570678710938, 0.32875001430511475]
[2.517056465148926, 0.3362500071525574]
[2.4889659881591797, 0.3356249928474426]
[2.513167142868042, 0.30937498807907104]
[2.4416074752807617, 0.36500000953674316]
[2.459263801574707, 0.35374999046325684]
[2.555402994155884, 0.31187498569488525]
[2.5920560359954834, 0.3199999928474426]
[2.5756473541259766, 0.29750001430511475]
[2.4163336753845215, 0.3318749964237213]
[2.5466320514678955, 0.3112500011920929]
[2.574244976043701, 0.30812498927116394]
[2.570651054382324, 0.33125001192092896]
[2.5754618644714355, 0.3356249928474426]
[2.5849010944366455, 0.3400000035762787]
[2.5288662910461426, 0.33000001311302185]
[2.5792956352233887, 0.3100000023841858]
[2.526279926300049, 0.3293749988079071]
[2.5053107738494873, 0.35062500834465027]
[2.5365357398986816, 0.34187498688697815]
[2.5502612590789795, 0.3243750035762787]
[2.4901065826416016, 0.35062500834465027]
[2.4910125732421875, 0.32374998927116394]
[2.4634928703308105, 0.3449999988079071]
[2.4277782440185547, 0.35499998927116394]
[2.3790833950042725, 0.3556250035762787]
[2.5371599197387695, 0.3087500035762787]
[2.48996639251709, 0.3425000011920929]
[2.3903069496154785, 0.36812499165534973]
[2.435683488845825, 0.3256250023841858]
[2.4013452529907227, 0.35249999165534973]
[2.493046998977661, 0.31187498569488525]
[2.4441959857940674, 0.3831250071525574]
[2.437565326690674, 0.3318749964237213]
[2.325875997543335, 0.3762499988079071]
[2.4437341690063477, 0.33687499165534973]
[2.371792793273926, 0.3725000023841858]
[2.398164987564087, 0.3843750059604645]
[2.4816150665283203, 0.3243750035762787]
[2.4781665802001953, 0.3112500011920929]
[2.48746919631958, 0.30937498807907104]
[2.485846996307373, 0.35749998688697815]
[2.4505419731140137, 0.3512499928474426]
[2.38730788230896, 0.359375]
[2.4376373291015625, 0.3375000059604645]
[2.475935935974121, 0.33937498927116394]
[2.491429328918457, 0.29875001311302185]
[2.4905929565429688, 0.3412500023841858]
[2.53594970703125, 0.3162499964237213]
[2.5345139503479004, 0.31812500953674316]
[2.5146291255950928, 0.3318749964237213]
[2.488227128982544, 0.33500000834465027]
[2.4062817096710205, 0.34937500953674316]
[2.390982151031494, 0.3543750047683716]
[2.441422700881958, 0.34375]
[2.445650100708008, 0.3268750011920929]
[2.4350574016571045, 0.37312498688697815]
[2.539050340652466, 0.31062498688697815]
[2.511815071105957, 0.328125]
[2.432971477508545, 0.33000001311302185]
[2.422319173812866, 0.3331249952316284]
[2.4146738052368164, 0.3512499928474426]
[2.427483081817627, 0.3518750071525574]
[2.4781315326690674, 0.3462499976158142]
[2.510286331176758, 0.3162499964237213]
[2.421813488006592, 0.36000001430511475]
[2.4484379291534424, 0.32624998688697815]
[2.3486077785491943, 0.3700000047683716]
[2.3704025745391846, 0.36125001311302185]
[2.4541540145874023, 0.3162499964237213]
[2.3665125370025635, 0.3425000011920929]
[2.3157780170440674, 0.3762499988079071]
[2.41202974319458, 0.34437501430511475]
[2.426764726638794, 0.3531250059604645]
[2.439716100692749, 0.36375001072883606]
[2.5373470783233643, 0.32749998569488525]
[2.359623432159424, 0.3643749952316284]
[2.5070459842681885, 0.3412500023841858]
[2.4692249298095703, 0.36125001311302185]
[2.433384418487549, 0.3425000011920929]
[2.3200764656066895, 0.37937501072883606]
[2.458618402481079, 0.3400000035762787]
[2.4292290210723877, 0.36625000834465027]
[2.305459976196289, 0.3712500035762787]
[2.379580497741699, 0.3631249964237213]
[2.3874878883361816, 0.3387500047683716]
[2.418656826019287, 0.3631249964237213]
[2.4439563751220703, 0.34937500953674316]
[2.422515630722046, 0.3787499964237213]
[2.4683334827423096, 0.3243750035762787]
[2.457371711730957, 0.3556250035762787]
[2.4512040615081787, 0.36000001430511475]
[2.505666971206665, 0.33000001311302185]
[2.337677001953125, 0.34937500953674316]
[2.4264302253723145, 0.3243750035762787]
[2.4269020557403564, 0.3356249928474426]
[2.3569467067718506, 0.3856250047683716]
[2.3939313888549805, 0.34062498807907104]
[2.3494162559509277, 0.3412500023841858]
[2.397968292236328, 0.3668749928474426]
[2.3514246940612793, 0.3700000047683716]
[2.3777928352355957, 0.3712500035762787]
[2.271144390106201, 0.3737500011920929]
[2.29888916015625, 0.37937501072883606]
[2.413529396057129, 0.3668749928474426]
[2.3492465019226074, 0.3787499964237213]
[2.308753490447998, 0.3643749952316284]
[2.272390365600586, 0.37687501311302185]
[2.3318514823913574, 0.38999998569488525]
[2.376856803894043, 0.3675000071525574]
[2.3101205825805664, 0.3700000047683716]
[2.365025520324707, 0.3606249988079071]
[2.417344570159912, 0.35374999046325684]
[2.444429397583008, 0.32499998807907104]
[2.3309473991394043, 0.359375]
[2.3704609870910645, 0.3687500059604645]
[2.314164638519287, 0.36625000834465027]
[2.238309383392334, 0.39375001192092896]
[2.277073860168457, 0.38374999165534973]
[2.3141353130340576, 0.3943749964237213]
[2.3647561073303223, 0.3687500059604645]
[2.3838963508605957, 0.3618749976158142]
[2.375256299972534, 0.3618749976158142]
[2.364482879638672, 0.3618749976158142]
[2.429520606994629, 0.3568750023841858]
[2.421165943145752, 0.35499998927116394]
[2.307154893875122, 0.35499998927116394]
[2.378143310546875, 0.3725000023841858]
[2.2938780784606934, 0.3712500035762787]
[2.2890515327453613, 0.3799999952316284]
[2.423490524291992, 0.36250001192092896]
[2.4102745056152344, 0.33375000953674316]
[2.3492846488952637, 0.3675000071525574]
[2.3004188537597656, 0.38624998927116394]
[2.3404998779296875, 0.35062500834465027]
[2.3430075645446777, 0.3643749952316284]
[2.2802224159240723, 0.38874998688697815]
[2.4483375549316406, 0.33375000953674316]
[2.3605148792266846, 0.38062500953674316]
[2.297661304473877, 0.37437498569488525]
[2.251781702041626, 0.38374999165534973]
[2.3097105026245117, 0.3700000047683716]
[2.412360906600952, 0.36375001072883606]
[2.286159038543701, 0.37812501192092896]
[2.2642292976379395, 0.37937501072883606]
[2.359447479248047, 0.35874998569488525]
[2.2467570304870605, 0.41499999165534973]
[2.386943817138672, 0.35624998807907104]
[2.4240684509277344, 0.33375000953674316]
[2.3070755004882812, 0.3656249940395355]
[2.293613910675049, 0.40562498569488525]
[2.31439208984375, 0.38499999046325684]
[2.4163269996643066, 0.3474999964237213]
[2.2963271141052246, 0.4000000059604645]
[2.259035587310791, 0.37812501192092896]
[2.369544506072998, 0.3824999928474426]
[2.399951934814453, 0.3387500047683716]
[2.2275047302246094, 0.4074999988079071]
[2.2747642993927, 0.38499999046325684]
[2.2847111225128174, 0.3931249976158142]
[2.340872049331665, 0.3824999928474426]
[2.340636730194092, 0.3700000047683716]
[2.3920021057128906, 0.3606249988079071]
[2.333977699279785, 0.3700000047683716]
[2.188793182373047, 0.3956249952316284]
[2.2857396602630615, 0.40625]
[2.267395257949829, 0.38874998688697815]
[2.211859703063965, 0.3931249976158142]
[2.407498836517334, 0.36125001311302185]
[2.283106803894043, 0.39125001430511475]
[2.2442047595977783, 0.4181250035762787]
[2.1950888633728027, 0.39937499165534973]
[2.244302272796631, 0.39250001311302185]
[2.267014503479004, 0.3712500035762787]
[2.2587525844573975, 0.38999998569488525]
[2.359666585922241, 0.36812499165534973]
[2.276735305786133, 0.37437498569488525]
[2.251190423965454, 0.37687501311302185]
[2.3131277561187744, 0.37062498927116394]
[2.3039088249206543, 0.3868750035762787]
[2.294968605041504, 0.3799999952316284]
[2.301729679107666, 0.38874998688697815]
[2.314845323562622, 0.3675000071525574]
[2.326002836227417, 0.3725000023841858]
[2.4043664932250977, 0.34687501192092896]
[2.1732101440429688, 0.3987500071525574]
[2.228703260421753, 0.4025000035762787]
[2.2141189575195312, 0.3868750035762787]
[2.163968086242676, 0.41624999046325684]
[2.4184272289276123, 0.3606249988079071]
[2.3131747245788574, 0.38187500834465027]
[2.1901605129241943, 0.40312498807907104]
[2.3615245819091797, 0.36937499046325684]
[2.2564167976379395, 0.3987500071525574]
[2.289879322052002, 0.3931249976158142]
[2.293825149536133, 0.3799999952316284]
[2.3398962020874023, 0.3631249964237213]
[2.218442916870117, 0.38749998807907104]
[2.3646554946899414, 0.36625000834465027]
[2.258211612701416, 0.40062499046325684]
[2.2684059143066406, 0.3799999952316284]
[2.3041419982910156, 0.38062500953674316]
[2.1919097900390625, 0.390625]
[2.422292709350586, 0.3425000011920929]
[2.2966184616088867, 0.3762499988079071]
[2.255086898803711, 0.4037500023841858]
[2.292337417602539, 0.3787499964237213]
[2.280167818069458, 0.3893750011920929]
[2.292168140411377, 0.3668749928474426]
[2.282029151916504, 0.3737500011920929]
[2.345797538757324, 0.3762499988079071]
[2.2685933113098145, 0.3868750035762787]
[2.338090419769287, 0.3643749952316284]
[2.243960380554199, 0.40187498927116394]
[2.2045507431030273, 0.3881250023841858]
[2.326230049133301, 0.3737500011920929]
[2.199795722961426, 0.41499999165534973]
[2.3068935871124268, 0.38624998927116394]
[2.269418716430664, 0.39375001192092896]
[2.2842507362365723, 0.3631249964237213]
[2.2029988765716553, 0.41499999165534973]
[2.155820369720459, 0.4012500047683716]
[2.20686674118042, 0.41624999046325684]
[2.179802894592285, 0.3868750035762787]
[2.279057502746582, 0.3725000023841858]
[2.1594858169555664, 0.4099999964237213]
[2.2676806449890137, 0.3831250071525574]
[2.3751792907714844, 0.3499999940395355]
[2.2355449199676514, 0.40312498807907104]
[2.2804694175720215, 0.3787499964237213]
[2.2467243671417236, 0.3762499988079071]
[2.260891914367676, 0.36812499165534973]
[2.1253111362457275, 0.4181250035762787]
[2.181204319000244, 0.38999998569488525]
[2.2291483879089355, 0.3987500071525574]
[2.342963695526123, 0.35624998807907104]
[2.2329063415527344, 0.39125001430511475]
[2.2263121604919434, 0.3843750059604645]
[2.2192187309265137, 0.390625]
[2.2987704277038574, 0.3531250059604645]
[2.241081714630127, 0.3881250023841858]
[2.3319973945617676, 0.3568750023841858]
[2.3379805088043213, 0.36000001430511475]
[2.241776466369629, 0.39750000834465027]
[2.29018235206604, 0.37812501192092896]
[2.3093910217285156, 0.38187500834465027]
[2.216789722442627, 0.39125001430511475]
[2.2632079124450684, 0.38499999046325684]
[2.337695837020874, 0.3618749976158142]
[2.287288188934326, 0.4025000035762787]
[2.1012868881225586, 0.4137499928474426]
[2.166228771209717, 0.40812501311302185]
[2.2545697689056396, 0.375]
[2.2353014945983887, 0.3943749964237213]
[2.231496572494507, 0.3931249976158142]
[2.2521865367889404, 0.3968749940395355]
[2.265380620956421, 0.3831250071525574]
[2.1832234859466553, 0.4143750071525574]
[2.0977723598480225, 0.40937501192092896]
[2.113509178161621, 0.40562498569488525]
[2.1700868606567383, 0.4168750047683716]
[2.1589674949645996, 0.4181250035762787]
[2.242807388305664, 0.38624998927116394]
[2.208256959915161, 0.38187500834465027]
[2.207990884780884, 0.40687501430511475]
[2.2146925926208496, 0.3881250023841858]
[2.1530165672302246, 0.4025000035762787]
[2.1507511138916016, 0.3987500071525574]
[2.1419172286987305, 0.4281249940395355]
[2.212726354598999, 0.3824999928474426]
[2.2763514518737793, 0.3799999952316284]
[2.16617488861084, 0.4000000059604645]
[2.2470779418945312, 0.3956249952316284]
[2.224795341491699, 0.38624998927116394]
[2.234764575958252, 0.3881250023841858]
[2.285598039627075, 0.3656249940395355]
[2.2076492309570312, 0.38624998927116394]
[2.1130056381225586, 0.4156250059604645]
[2.2962803840637207, 0.35874998569488525]
[2.322199583053589, 0.3668749928474426]
[2.1422390937805176, 0.4193750023841858]
[2.2203245162963867, 0.37687501311302185]
[2.1832616329193115, 0.4025000035762787]
[2.2207696437835693, 0.38187500834465027]
[2.2661917209625244, 0.36250001192092896]
[2.180666923522949, 0.4087499976158142]
[2.148216485977173, 0.40687501430511475]
[2.27506422996521, 0.375]
[2.240917205810547, 0.3931249976158142]
[2.155649185180664, 0.40687501430511475]
[2.2040276527404785, 0.3812499940395355]
[2.3171491622924805, 0.36500000953674316]
[2.2705841064453125, 0.3687500059604645]
[2.2017908096313477, 0.40312498807907104]
[2.287626028060913, 0.37187498807907104]
[2.2634544372558594, 0.36937499046325684]
[2.2527990341186523, 0.3656249940395355]
[2.227485179901123, 0.3725000023841858]
[2.212189197540283, 0.4012500047683716]
[2.2482879161834717, 0.3656249940395355]
[2.1914403438568115, 0.38187500834465027]
[2.103867530822754, 0.4168750047683716]
[2.3080968856811523, 0.3687500059604645]
[2.2742443084716797, 0.37437498569488525]
[2.2928285598754883, 0.3668749928474426]
[2.163966655731201, 0.40625]
[2.186152935028076, 0.40437498688697815]
[2.27714467048645, 0.375]
[2.321782112121582, 0.35874998569488525]
[2.1549479961395264, 0.39937499165534973]
[2.1421279907226562, 0.41187500953674316]
[2.204390048980713, 0.4037500023841858]
[2.2655489444732666, 0.3643749952316284]
[2.1881089210510254, 0.4012500047683716]
[2.186873435974121, 0.39937499165534973]
[2.1547460556030273, 0.4156250059604645]
[2.1523423194885254, 0.4181250035762787]
[2.2212605476379395, 0.39750000834465027]
[2.1455516815185547, 0.4037500023841858]
[2.3007359504699707, 0.36937499046325684]
[2.1927199363708496, 0.38374999165534973]
[2.1948447227478027, 0.39625000953674316]
[2.2395896911621094, 0.3700000047683716]
[2.211702823638916, 0.3981249928474426]
[2.1399383544921875, 0.4281249940395355]
[2.1575043201446533, 0.40437498688697815]
[2.178523540496826, 0.39500001072883606]
[2.1394712924957275, 0.40812501311302185]
[2.3124563694000244, 0.3543750047683716]
[2.219620704650879, 0.3799999952316284]
[2.2820849418640137, 0.36500000953674316]
[2.1662964820861816, 0.3893750011920929]
[2.255253791809082, 0.37687501311302185]
[2.282343864440918, 0.34937500953674316]
[2.1295318603515625, 0.4143750071525574]
[2.296337842941284, 0.3606249988079071]
[2.009479522705078, 0.4456250071525574]
[2.0983428955078125, 0.4156250059604645]
[2.1874074935913086, 0.40687501430511475]
[2.1637701988220215, 0.4000000059604645]
[2.0916690826416016, 0.4337500035762787]
[2.118356466293335, 0.4000000059604645]
[2.250089168548584, 0.3762499988079071]
[2.1496968269348145, 0.3943749964237213]
[2.0442724227905273, 0.4375]
[2.17645525932312, 0.40437498688697815]
[2.1491456031799316, 0.40687501430511475]
[2.1680617332458496, 0.39375001192092896]
[2.1630451679229736, 0.41062501072883606]
[2.137526750564575, 0.40687501430511475]
[2.0524096488952637, 0.4256249964237213]
[2.2216053009033203, 0.37187498807907104]
[2.117161989212036, 0.41312500834465027]
[2.2721059322357178, 0.37312498688697815]