0.001
0.0010000121547079843
0.0010000316988107915
0.001000059825932897
0.0010000953809637574
0.001000138571461141
0.0010001889584487279
0.0010002465462759225
0.0010003092946205643
0.0010003768322930811
0.0010004482081697897
0.0010005253361076967
0.0010006101667749503
0.0010007031859853726
0.0010008013630277935
0.0010009031663430433
0.001001007506468219
0.0010011196189028708
0.001001236468946927
0.001001360356715884
0.0010014911898802094
0.0010016253468731117
0.0010017612900976092
0.0010019033792294085
0.0010020488442709153
0.0010021982062415164
0.0010023581394030489
0.001002526222140884
0.0010026930411047958
0.0010028670997450828
0.0010030362823624996
0.001003213165933745
0.0010033927971181366
0.0010035862678416576
0.0010037754983226324
0.00100396421441236
0.0010041525532756296
0.0010043502135805879
0.0010045551716446573
0.0010047599154271122
0.0010049638538729606
0.0010051805397072113
0.0010053978647770023
0.0010056256491887405
0.0010058528037668317
0.0010060880122033928
0.001006328189328065
0.0010065657650785997
0.0010068082879527618
0.0010070601841811993
0.0010073181515168111
0.001007576488646775
0.0010078367067761222
0.001008107320832783
0.0010083736848377875
0.0010086515012717777
0.00100892567296997
0.0010092039925169644
0.0010094798970394162
0.0010097673945177572
0.0010100517825098407
0.001010342167311633
0.001010637468106527
0.0010109352835819443
0.0010112365121798927
0.001011537779325748
0.0010118480422488952
0.0010121614018474417
0.0010124823770307494
0.0010128011804778723
0.0010131235422592675
0.0010134444832192921
0.0010137674853942825
0.0010140892074785811
0.0010144340878036394
0.0010147739139529529
0.0010151246077375335
0.0010154653967715864
0.0010158183529665177
0.0010161764471354946
0.0010165298118195282
0.001016887855043558
0.0010172466948917885
0.0010176111164079036
0.0010179751466726822
0.0010183439821639124
0.0010187234730418574
0.0010191014370231127
0.0010194847804335678
0.0010198803409337783
0.0010202571851567078
0.0010206455596500855
0.0010210370793434184
0.001021434166489861
0.0010218344332244714
0.0010222343615145396
0.0010226319378795119
0.0010230385616869328
0.001023455694377218
0.001023881926840619
0.0010242938415444918
0.0010247109995111905
0.001025132409839626
0.0010255567362952344
0.0010259800685791254
0.0010264115448001293
0.001026842271563265
0.0010272769071197191
0.0010277197616083361
0.00102815299426187
0.0010285995728069304
0.0010290534948490468
0.0010295047388639686
0.0010299566987854601
0.0010304070354788411
0.0010308633127619577
0.0010313262537867613
0.0010317827348526663
0.0010322432334340496
0.001032708776077199
0.0010331657717859712
0.0010336426201452082
0.001034117313083939
0.0010345948685929638
0.0010350731120687172
0.0010355603847897975
0.0010360625808200452
0.0010365527033385068
0.0010370549382138885
0.001037553807737645
0.001038053006056843
0.0010385538794234369
0.0010390634991837447
0.0010395739616481784
0.0010400925206800076
0.0010406045307043625
0.0010411136704016352
0.001041642084345455
0.0010421645443310663
0.0010426925210438847
0.001043216851353811
0.0010437512080603872
0.0010442757292920643
0.001044804065222844
0.0010453410740859813
0.0010458791887024991
0.0010464324151571076
0.001046978836658079
0.001047538740899124
0.0010480927783569397
0.001048650871728136
0.0010492085466212193
0.0010497588097829987
0.001050319220020988
0.0010508891334287474
0.001051472687017101
0.0010520527425218953
0.0010526226689915256
0.001053200681376952
0.0010537875643350848
0.0010543696144090715
0.001054963284300197
0.0010555740804834956
0.0010561658311931204
0.0010567633480702667
0.0010573669006095454
0.001057958697172168
0.0010585788388699573
0.0010591884386698
0.0010597971043413796
0.0010604182351687274
0.0010610293682727999
0.0010616473404624184
0.0010622559823373857
0.0010628732784367094
0.0010635062318605627
0.0010641472662894873
0.0010647735691936635
0.0010653855143301855
0.0010660106511728071
0.0010666451683453949
0.0010672951366702504
0.0010679413336267408
0.0010685984431640985
0.0010692536794793873
0.0010699084067704065
0.0010705648524320596
0.0010712281126493066
0.0010718905476910991
0.0010725491727421501
0.0010732185204926398
0.00107386894075723
0.0010745555272613184
0.00107521879895807
0.001075882274383863
0.0010765458585253245
0.0010772363432910383
0.001077910447450198
0.0010785935684854118
0.0010792728580183363
0.0010799672926335966
0.0010806426703218236
0.0010813458541882733
0.0010820398808729238
0.0010827304990787341
0.0010834396543800875
0.0010841534463391297
0.0010848584415031038
0.0010855787258744537
0.0010863055494516655
0.0010870346799905849
0.0010877564773741414
0.0010884893000701924
0.0010892067304172413
0.0010899421757498736
0.0010906970044841245
0.0010914268248628817
0.0010921732319784765
0.0010929003367829593
0.0010936339840913766
0.0010943835233498756
0.0010951286576164447
0.001095878820720007
0.0010966267597570648
0.0010974030618880006
0.0010981578983315747
0.0010989161068041583
0.0010996736005909871
0.0011004340859547244
0.0011012227639305549
0.0011019981924583694
0.0011027678542256155
0.0011035482038898755
0.0011043328684602462
0.0011051179921697015
0.0011058772183259512
0.0011066671818503009
0.0011074471678613447
0.001108235982387541
0.0011090076588790327
0.0011098157309293694
0.0011106025690179055
0.001111395149508753
0.0011122014581093718
0.0011129911466458463
0.0011137964955335669
0.00111461222027766
0.0011154162422699775
0.0011162362255955308
0.0011170521316240611
0.001117882975811312
0.001118698806750556
0.001119522532947877
0.001120354778702223
0.0011212067750481442
0.0011220298267692302
0.0011228620386267547
0.0011237140417500152
0.0011245545341215847
0.0011254041822250326
0.0011262445992942893
0.0011271035481394223
0.001127971736912072
0.0011288183935398374
0.0011296694830729061
0.001130522950543737
0.0011313799792555743
0.0011322316675459918
0.0011330987498966497
0.0011339384063974215
0.0011347991602746743
0.0011356501598017692
0.0011365343630980315
0.0011374050011784627
0.0011382932598114522
0.0011391614514773161
0.001140047423162861
0.0011409309653390726
0.0011418201464025728
0.001142702440482305
0.001143605577881783
0.0011444681467847112
0.0011453579604182155
0.0011462297426304995
0.0011470910103026982
0.0011479591885184498
0.001148816183392582
0.001149680620487328
0.0011505441155273057
0.0011514290905196988
0.0011523256488838968
0.0011532203092834165
0.001154069646775932
0.0011549686817762476
0.0011558503796102132
0.0011567071651994098
0.001157598438685923
0.0011584910857245624
0.0011593882764303228
0.0011602703895013547
0.0011611576689617147
0.001162033949071062
0.0011629224072913103
0.0011637926656931448
0.0011646750254726808
0.001165567827565167
0.0011664518076888446
0.0011673415733971701
0.0011682510556238928
0.001169153232241263