[4.453333854675293, 0.013124999590218067]
[4.335745811462402, 0.2549999952316284]
[4.208399295806885, 0.21937499940395355]
[4.062252044677734, 0.22562499344348907]
[3.9525575637817383, 0.19249999523162842]
[3.8202133178710938, 0.19499999284744263]
[3.6131796836853027, 0.23999999463558197]
[3.6035633087158203, 0.19750000536441803]
[3.4383544921875, 0.22875000536441803]
[3.279506206512451, 0.2731249928474426]
[3.3708343505859375, 0.21875]
[3.27822208404541, 0.2524999976158142]
[3.3378310203552246, 0.22750000655651093]
[3.3301968574523926, 0.21062499284744263]
[3.2807724475860596, 0.21937499940395355]
[3.275214195251465, 0.2356249988079071]
[3.228742837905884, 0.22437499463558197]
[3.2418203353881836, 0.20749999582767487]
[3.240542411804199, 0.23250000178813934]
[3.211211681365967, 0.2581250071525574]
[3.205003261566162, 0.2750000059604645]
[3.280813217163086, 0.23499999940395355]
[3.192971706390381, 0.23624999821186066]
[3.155064582824707, 0.23937499523162842]
[3.1280903816223145, 0.25874999165534973]
[3.2633419036865234, 0.21062499284744263]
[3.1363677978515625, 0.24312500655651093]
[3.212738513946533, 0.2043749988079071]
[3.2631001472473145, 0.19249999523162842]
[3.176666736602783, 0.19875000417232513]
[3.1533150672912598, 0.22187499701976776]
[3.2104647159576416, 0.2368749976158142]
[3.203885555267334, 0.17937499284744263]
[3.212618589401245, 0.2331250011920929]
[3.123772621154785, 0.23499999940395355]
[3.168628692626953, 0.2331250011920929]
[3.186284065246582, 0.2562499940395355]
[3.1943202018737793, 0.23125000298023224]
[3.150188446044922, 0.2306250035762787]
[3.2284250259399414, 0.17937499284744263]
[3.205474853515625, 0.2606250047683716]
[3.194054126739502, 0.21812500059604645]
[3.186087131500244, 0.24812500178813934]
[3.099177122116089, 0.2487500011920929]
[3.1820828914642334, 0.21125000715255737]
[3.159290313720703, 0.24187499284744263]
[3.136850595474243, 0.22750000655651093]
[3.1957569122314453, 0.22624999284744263]
[3.1832003593444824, 0.22687500715255737]
[3.1818366050720215, 0.1912499964237213]
[3.1261720657348633, 0.22562499344348907]
[3.1981236934661865, 0.23624999821186066]
[3.1780624389648438, 0.2593750059604645]
[3.224184513092041, 0.234375]
[3.18638014793396, 0.20937499403953552]
[3.1353650093078613, 0.26374998688697815]
[3.156024932861328, 0.2368749976158142]
[3.1316046714782715, 0.2368749976158142]
[3.1807851791381836, 0.19625000655651093]
[3.190431594848633, 0.1993750035762787]
[3.1897120475769043, 0.203125]
[3.1958789825439453, 0.2224999964237213]
[3.1461312770843506, 0.25874999165534973]
[3.1878559589385986, 0.22374999523162842]
[3.1294353008270264, 0.25562500953674316]
[3.1893677711486816, 0.20999999344348907]
[3.1277616024017334, 0.2549999952316284]
[3.2702651023864746, 0.1912499964237213]
[3.127605438232422, 0.24250000715255737]
[3.179502010345459, 0.23749999701976776]
[3.1446642875671387, 0.20937499403953552]
[3.156857967376709, 0.171875]
[3.1323623657226562, 0.20937499403953552]
[3.1703643798828125, 0.16875000298023224]
[3.1328210830688477, 0.22187499701976776]
[3.080204725265503, 0.2381249964237213]
[3.1268975734710693, 0.21250000596046448]
[3.213120937347412, 0.2212499976158142]
[3.1330697536468506, 0.24687500298023224]
[3.2157557010650635, 0.21187500655651093]
[3.1189188957214355, 0.19812500476837158]
[3.1189827919006348, 0.22187499701976776]
[3.1368367671966553, 0.22499999403953552]
[3.1426198482513428, 0.2212499976158142]
[3.0308327674865723, 0.27250000834465027]
[3.080918788909912, 0.23624999821186066]
[3.172844886779785, 0.2162500023841858]
[3.105020046234131, 0.23937499523162842]
[3.1323132514953613, 0.22875000536441803]
[3.1085991859436035, 0.24062499403953552]
[3.0526435375213623, 0.25312501192092896]
[3.1069984436035156, 0.2593750059604645]
[3.098090171813965, 0.20874999463558197]
[3.1435341835021973, 0.22312499582767487]
[3.038104772567749, 0.2693749964237213]
[3.175661325454712, 0.2318750023841858]
[3.151219367980957, 0.1731249988079071]
[3.1228561401367188, 0.2162500023841858]
[3.2218017578125, 0.19625000655651093]
[3.170926094055176, 0.20125000178813934]
[3.1761057376861572, 0.22374999523162842]
[3.164968490600586, 0.16437500715255737]
[3.150272846221924, 0.22062499821186066]
[3.093660831451416, 0.22750000655651093]
[3.0675745010375977, 0.24062499403953552]
[3.1633739471435547, 0.21562500298023224]
[3.160041332244873, 0.1875]
[3.10414457321167, 0.19875000417232513]
[3.078023672103882, 0.24812500178813934]
[3.089972972869873, 0.23624999821186066]
[3.1005282402038574, 0.19687500596046448]
[3.0588502883911133, 0.23624999821186066]
[3.0954036712646484, 0.25312501192092896]
[3.0789263248443604, 0.22750000655651093]
[2.978344440460205, 0.2381249964237213]
[3.0771751403808594, 0.21875]
[3.097808361053467, 0.22187499701976776]
[3.0104281902313232, 0.25562500953674316]
[3.0269675254821777, 0.24312500655651093]
[3.0393638610839844, 0.22875000536441803]
[3.1356866359710693, 0.20749999582767487]
[2.9149117469787598, 0.2762500047683716]
[3.070448637008667, 0.22499999403953552]
[3.069040060043335, 0.24375000596046448]
[2.9410810470581055, 0.2537499964237213]
[2.9315686225891113, 0.25562500953674316]
[3.001023769378662, 0.25562500953674316]
[3.0363054275512695, 0.23250000178813934]
[3.0237104892730713, 0.2175000011920929]
[3.032461643218994, 0.2368749976158142]
[2.97353196144104, 0.2524999976158142]
[2.925305128097534, 0.25874999165534973]
[3.0456652641296387, 0.23499999940395355]
[3.0082757472991943, 0.23125000298023224]
[3.00496506690979, 0.25999999046325684]
[2.9198853969573975, 0.25562500953674316]
[3.003236770629883, 0.21875]
[3.0130155086517334, 0.2593750059604645]
[2.9481258392333984, 0.24562500417232513]
[2.9737112522125244, 0.26249998807907104]
[2.9998536109924316, 0.2512499988079071]
[2.906902313232422, 0.29249998927116394]
[2.8303680419921875, 0.29249998927116394]
[2.8642430305480957, 0.3187499940395355]
[2.9027113914489746, 0.29249998927116394]
[2.855133056640625, 0.3199999928474426]
[2.8882429599761963, 0.2887499928474426]
[2.839505195617676, 0.30375000834465027]
[2.9149069786071777, 0.27937498688697815]
[2.8502817153930664, 0.2775000035762787]
[2.773423671722412, 0.31562501192092896]
[2.85603928565979, 0.2893750071525574]
[2.7944016456604004, 0.3149999976158142]
[2.872920513153076, 0.27000001072883606]
[2.7329959869384766, 0.32875001430511475]
[2.782670021057129, 0.32249999046325684]
[2.8773932456970215, 0.2849999964237213]
[2.8206262588500977, 0.31062498688697815]
[2.7917637825012207, 0.3187499940395355]
[2.6463513374328613, 0.33375000953674316]
[2.830519914627075, 0.30375000834465027]
[2.8000540733337402, 0.30000001192092896]
[2.6700286865234375, 0.3293749988079071]
[2.772491216659546, 0.3100000023841858]
[2.8302645683288574, 0.2706249952316284]
[2.7877323627471924, 0.32624998688697815]
[2.6562609672546387, 0.33125001192092896]
[2.7466049194335938, 0.2874999940395355]
[2.7007017135620117, 0.31187498569488525]
[2.8523426055908203, 0.2800000011920929]
[2.717075824737549, 0.31687501072883606]
[2.7810826301574707, 0.2906250059604645]
[2.775595188140869, 0.3174999952316284]
[2.7876877784729004, 0.2956250011920929]
[2.80391263961792, 0.30000001192092896]
[2.7285618782043457, 0.3087500035762787]
[2.7109930515289307, 0.2956250011920929]
[2.6858882904052734, 0.3268750011920929]
[2.649973154067993, 0.3149999976158142]
[2.625576972961426, 0.33687499165534973]
[2.6768250465393066, 0.3231250047683716]
[2.66202712059021, 0.31437501311302185]
[2.6511106491088867, 0.3293749988079071]
[2.7663414478302, 0.30687499046325684]
[2.7321090698242188, 0.30812498927116394]
[2.730421543121338, 0.3362500071525574]
[2.7622110843658447, 0.31312501430511475]
[2.5614941120147705, 0.34812501072883606]
[2.6984052658081055, 0.32374998927116394]
[2.6370911598205566, 0.34562501311302185]
[2.8098156452178955, 0.27687498927116394]
[2.657711982727051, 0.3462499976158142]
[2.7897956371307373, 0.29374998807907104]
[2.590109348297119, 0.34062498807907104]
[2.6367058753967285, 0.31562501192092896]
[2.669002056121826, 0.32374998927116394]
[2.701923370361328, 0.30687499046325684]
[2.6980104446411133, 0.3174999952316284]
[2.7227914333343506, 0.2931250035762787]
[2.620656728744507, 0.33375000953674316]
[2.635033130645752, 0.3206250071525574]
[2.713379144668579, 0.31937500834465027]
[2.6522326469421387, 0.31687501072883606]
[2.649921417236328, 0.3449999988079071]
[2.6112537384033203, 0.3256250023841858]
[2.5996437072753906, 0.32249999046325684]
[2.4589426517486572, 0.3531250059604645]
[2.6655080318450928, 0.32374998927116394]
[2.6178112030029297, 0.328125]
[2.5397396087646484, 0.3306249976158142]
[2.560922384262085, 0.3256250023841858]
[2.7345619201660156, 0.2943750023841858]
[2.500033140182495, 0.32249999046325684]
[2.5464181900024414, 0.3412500023841858]
[2.604747772216797, 0.3199999928474426]
[2.5518507957458496, 0.32749998569488525]
[2.6159896850585938, 0.31812500953674316]
[2.6137337684631348, 0.32124999165534973]
[2.6294784545898438, 0.3149999976158142]
[2.5629563331604004, 0.31437501311302185]
[2.6430070400238037, 0.3206250071525574]
[2.5979251861572266, 0.33250001072883606]
[2.4824142456054688, 0.34375]
[2.6367979049682617, 0.2918750047683716]
[2.545196294784546, 0.32374998927116394]
[2.570779323577881, 0.32249999046325684]
[2.6270151138305664, 0.30375000834465027]
[2.432011127471924, 0.3631249964237213]
[2.4971728324890137, 0.3487499952316284]
[2.5560359954833984, 0.3568750023841858]
[2.4923486709594727, 0.34187498688697815]
[2.5058934688568115, 0.3412500023841858]
[2.480073928833008, 0.33000001311302185]
[2.526545524597168, 0.3449999988079071]
[2.5152063369750977, 0.3375000059604645]
[2.648216724395752, 0.296875]
[2.5176968574523926, 0.31312501430511475]
[2.5243899822235107, 0.30812498927116394]
[2.546447277069092, 0.34062498807907104]
[2.5209813117980957, 0.3206250071525574]
[2.5609097480773926, 0.3318749964237213]
[2.472421169281006, 0.35874998569488525]
[2.550170421600342, 0.3462499976158142]
[2.4870858192443848, 0.3425000011920929]
[2.5329089164733887, 0.31312501430511475]
[2.4924089908599854, 0.34937500953674316]
[2.4900245666503906, 0.3362500071525574]
[2.532968521118164, 0.31937500834465027]
[2.5852813720703125, 0.31062498688697815]
[2.4932312965393066, 0.36625000834465027]
[2.482057571411133, 0.359375]
[2.482922077178955, 0.33937498927116394]
[2.564573287963867, 0.3149999976158142]
[2.470052719116211, 0.34062498807907104]
[2.506439208984375, 0.34562501311302185]
[2.502854108810425, 0.3356249928474426]
[2.482449769973755, 0.3656249940395355]
[2.5537569522857666, 0.3356249928474426]
[2.4502551555633545, 0.37187498807907104]
[2.5659284591674805, 0.30000001192092896]
[2.4997100830078125, 0.34187498688697815]
[2.405017137527466, 0.34562501311302185]
[2.531318187713623, 0.3174999952316284]
[2.3641464710235596, 0.36500000953674316]
[2.429687261581421, 0.3243750035762787]
[2.4519612789154053, 0.3318749964237213]
[2.417463779449463, 0.3568750023841858]
[2.4380979537963867, 0.3631249964237213]
[2.510094165802002, 0.32875001430511475]
[2.4473016262054443, 0.3712500035762787]
[2.4788525104522705, 0.34937500953674316]
[2.574995994567871, 0.328125]
[2.3594839572906494, 0.3606249988079071]
[2.441169261932373, 0.3581250011920929]
[2.3830506801605225, 0.36125001311302185]
[2.3578624725341797, 0.37312498688697815]
[2.5694401264190674, 0.33375000953674316]
[2.5383455753326416, 0.3268750011920929]
[2.4889326095581055, 0.3256250023841858]
[2.3581483364105225, 0.37562501430511475]
[2.438643455505371, 0.3387500047683716]
[2.5078392028808594, 0.34687501192092896]
[2.4140939712524414, 0.3725000023841858]
[2.351003885269165, 0.3725000023841858]
[2.3792991638183594, 0.3656249940395355]
[2.4527525901794434, 0.3187499940395355]
[2.3926525115966797, 0.35749998688697815]
[2.472064971923828, 0.3606249988079071]
[2.6112046241760254, 0.2918750047683716]
[2.5167288780212402, 0.32499998807907104]
[2.4024462699890137, 0.34437501430511475]
[2.420750141143799, 0.3518750071525574]
[2.535083293914795, 0.32499998807907104]
[2.572870969772339, 0.3187499940395355]
[2.452958106994629, 0.33375000953674316]
[2.4256060123443604, 0.34375]
[2.4098386764526367, 0.35624998807907104]
[2.5129151344299316, 0.34375]
[2.3775010108947754, 0.35062500834465027]
[2.4478378295898438, 0.33687499165534973]
[2.5285346508026123, 0.31687501072883606]