[4.456136226654053, 0.0037499999161809683]
[4.348207473754883, 0.21812500059604645]
[4.199038505554199, 0.22312499582767487]
[4.039133071899414, 0.22187499701976776]
[3.7875540256500244, 0.2775000035762787]
[3.7154083251953125, 0.22374999523162842]
[3.6563591957092285, 0.1993750035762787]
[3.4348020553588867, 0.2487500011920929]
[3.490049362182617, 0.21250000596046448]
[3.359208106994629, 0.2462500035762787]
[3.270956516265869, 0.24500000476837158]
[3.33736515045166, 0.21562500298023224]
[3.1762096881866455, 0.27125000953674316]
[3.3145833015441895, 0.22875000536441803]
[3.258835792541504, 0.2487500011920929]
[3.2634963989257812, 0.23999999463558197]
[3.268012523651123, 0.20000000298023224]
[3.2351512908935547, 0.25687500834465027]
[3.255776882171631, 0.2175000011920929]
[3.1427433490753174, 0.27250000834465027]
[3.2102832794189453, 0.18937499821186066]
[3.282782554626465, 0.20250000059604645]
[3.2265772819519043, 0.2524999976158142]
[3.1952319145202637, 0.27437499165534973]
[3.1819968223571777, 0.24187499284744263]
[3.233048439025879, 0.1862500011920929]
[3.1549856662750244, 0.24937500059604645]
[3.143073081970215, 0.27250000834465027]
[3.1709189414978027, 0.21937499940395355]
[3.2741668224334717, 0.20125000178813934]
[3.1299543380737305, 0.25562500953674316]
[3.2363955974578857, 0.23375000059604645]
[3.1291732788085938, 0.2331250011920929]
[3.252750873565674, 0.23250000178813934]
[3.225266933441162, 0.24250000715255737]
[3.2190494537353516, 0.2150000035762787]
[3.2563118934631348, 0.21250000596046448]
[3.1733155250549316, 0.23375000059604645]
[3.1731629371643066, 0.2224999964237213]
[3.2444913387298584, 0.1837500035762787]
[3.1148452758789062, 0.24437500536441803]
[3.1462490558624268, 0.20499999821186066]
[3.268950939178467, 0.20250000059604645]
[3.160060405731201, 0.2368749976158142]
[3.1425657272338867, 0.21062499284744263]
[3.1584200859069824, 0.24250000715255737]
[3.205146312713623, 0.2475000023841858]
[3.1776769161224365, 0.23999999463558197]
[3.1700215339660645, 0.24562500417232513]
[3.166404962539673, 0.25062501430511475]
[3.2021865844726562, 0.23499999940395355]
[3.105329990386963, 0.2475000023841858]
[3.17362642288208, 0.21125000715255737]
[3.1972596645355225, 0.171875]
[3.167724132537842, 0.2475000023841858]
[3.1409740447998047, 0.22937500476837158]
[3.100003480911255, 0.2562499940395355]
[3.1444239616394043, 0.2475000023841858]
[3.1757454872131348, 0.2368749976158142]
[3.220345973968506, 0.2356249988079071]
[3.1874594688415527, 0.22437499463558197]
[3.2093842029571533, 0.21187500655651093]
[3.122523546218872, 0.24312500655651093]
[3.135713577270508, 0.21687500178813934]
[3.077579975128174, 0.24250000715255737]
[3.1692099571228027, 0.20374999940395355]
[3.1203742027282715, 0.27562499046325684]
[3.1240992546081543, 0.26124998927116394]
[3.1072802543640137, 0.28437501192092896]
[3.1137466430664062, 0.22062499821186066]
[3.1636266708374023, 0.19625000655651093]
[3.1497254371643066, 0.24375000596046448]
[3.2491347789764404, 0.2199999988079071]
[3.133159637451172, 0.24312500655651093]
[3.1349925994873047, 0.265625]
[3.2203807830810547, 0.2381249964237213]
[3.1424472332000732, 0.21562500298023224]
[3.13433575630188, 0.24250000715255737]
[3.1366496086120605, 0.2606250047683716]
[3.119882583618164, 0.24937500059604645]
[3.153266668319702, 0.2524999976158142]
[3.153644561767578, 0.23250000178813934]
[3.137044906616211, 0.22812500596046448]
[3.2049560546875, 0.16437500715255737]
[3.1571898460388184, 0.22937500476837158]
[3.1204910278320312, 0.24500000476837158]
[3.1335625648498535, 0.2462500035762787]
[3.2082979679107666, 0.19187499582767487]
[3.1039576530456543, 0.24250000715255737]
[3.1940417289733887, 0.17249999940395355]
[3.1859664916992188, 0.23125000298023224]
[3.1159706115722656, 0.24187499284744263]
[3.115506172180176, 0.2537499964237213]
[3.0905892848968506, 0.25874999165534973]
[3.0513546466827393, 0.25]
[3.1453347206115723, 0.24062499403953552]
[3.1620843410491943, 0.1993750035762787]
[3.11436128616333, 0.2006250023841858]
[3.1957855224609375, 0.19249999523162842]
[3.1435632705688477, 0.22374999523162842]
[3.0859785079956055, 0.25687500834465027]
[3.1616878509521484, 0.2368749976158142]
[3.0324740409851074, 0.2731249928474426]
[3.135739326477051, 0.20250000059604645]
[3.084472179412842, 0.21875]
[3.066706418991089, 0.21375000476837158]
[3.1010546684265137, 0.22062499821186066]
[3.1059818267822266, 0.27437499165534973]
[3.075324058532715, 0.22875000536441803]
[3.1135363578796387, 0.21062499284744263]
[3.019986152648926, 0.2849999964237213]
[3.174208879470825, 0.20000000298023224]
[2.9950881004333496, 0.2549999952316284]
[3.129040241241455, 0.18562500178813934]
[3.1148929595947266, 0.21437500417232513]
[3.057468891143799, 0.24062499403953552]
[3.0053253173828125, 0.2631250023841858]
[3.1195836067199707, 0.23375000059604645]
[3.091886520385742, 0.21062499284744263]
[3.0199203491210938, 0.22750000655651093]
[2.960841655731201, 0.2537499964237213]
[3.008051633834839, 0.2487500011920929]
[3.044785499572754, 0.24250000715255737]
[3.022456645965576, 0.23624999821186066]
[2.9910781383514404, 0.2593750059604645]
[3.082648515701294, 0.23125000298023224]
[3.001150608062744, 0.23874999582767487]
[3.0218892097473145, 0.22187499701976776]
[3.0681819915771484, 0.24437500536441803]
[3.0594863891601562, 0.21437500417232513]
[3.0077624320983887, 0.22374999523162842]
[3.005000114440918, 0.2574999928474426]
[3.0741994380950928, 0.2018750011920929]
[2.998615264892578, 0.25312501192092896]
[2.9920058250427246, 0.23000000417232513]
[3.060518264770508, 0.22187499701976776]
[2.9190878868103027, 0.26374998688697815]
[2.9878811836242676, 0.26249998807907104]
[2.9659337997436523, 0.23937499523162842]
[3.003194570541382, 0.25062501430511475]
[2.9517745971679688, 0.25999999046325684]
[2.9652163982391357, 0.22750000655651093]
[2.8477721214294434, 0.2593750059604645]
[2.8641209602355957, 0.26625001430511475]
[2.9460196495056152, 0.2581250071525574]
[2.829576015472412, 0.28812500834465027]
[2.9324123859405518, 0.2800000011920929]
[2.925424098968506, 0.2593750059604645]
[2.98807430267334, 0.24812500178813934]
[2.9078078269958496, 0.2762500047683716]
[2.817448616027832, 0.3149999976158142]
[2.8384315967559814, 0.27937498688697815]
[2.918991804122925, 0.2775000035762787]
[2.861574649810791, 0.27812498807907104]
[2.8445825576782227, 0.2731249928474426]
[2.780505657196045, 0.30812498927116394]
[2.7455697059631348, 0.3075000047683716]
[2.7917280197143555, 0.28187501430511475]
[2.767172336578369, 0.2981249988079071]
[2.82388973236084, 0.2681249976158142]
[2.6833534240722656, 0.32624998688697815]
[2.8403239250183105, 0.30000001192092896]
[2.790832757949829, 0.28187501430511475]
[2.7181642055511475, 0.3100000023841858]
[2.8130736351013184, 0.2887499928474426]
[2.6712934970855713, 0.32624998688697815]
[2.6574015617370605, 0.3293749988079071]
[2.783409595489502, 0.31687501072883606]
[2.7065396308898926, 0.30812498927116394]
[2.6282758712768555, 0.3356249928474426]
[2.7196226119995117, 0.31187498569488525]
[2.6326913833618164, 0.3362500071525574]
[2.7293965816497803, 0.31937500834465027]
[2.7636990547180176, 0.29875001311302185]
[2.665297508239746, 0.33687499165534973]
[2.662980556488037, 0.31062498688697815]
[2.783344268798828, 0.29249998927116394]
[2.6386141777038574, 0.3331249952316284]
[2.7536468505859375, 0.3125]
[2.723625659942627, 0.32124999165534973]
[2.6700100898742676, 0.32124999165534973]
[2.6764373779296875, 0.2943750023841858]
[2.6911773681640625, 0.3062500059604645]
[2.74514102935791, 0.30375000834465027]
[2.5987162590026855, 0.32749998569488525]
[2.6525192260742188, 0.3268750011920929]
[2.7082247734069824, 0.29875001311302185]
[2.6525611877441406, 0.30000001192092896]
[2.716989278793335, 0.2737500071525574]
[2.7365612983703613, 0.30125001072883606]
[2.7655720710754395, 0.2693749964237213]
[2.585423707962036, 0.31437501311302185]
[2.624582052230835, 0.34062498807907104]
[2.608804225921631, 0.31937500834465027]
[2.5790860652923584, 0.31937500834465027]
[2.6527318954467773, 0.2931250035762787]
[2.705535411834717, 0.30687499046325684]
[2.5754032135009766, 0.3075000047683716]
[2.633145332336426, 0.3199999928474426]
[2.7403526306152344, 0.28687500953674316]
[2.5414509773254395, 0.31437501311302185]
[2.580423355102539, 0.3206250071525574]
[2.5486087799072266, 0.3387500047683716]
[2.497065544128418, 0.3518750071525574]
[2.6012015342712402, 0.32499998807907104]
[2.639301300048828, 0.3100000023841858]
[2.5780577659606934, 0.34312498569488525]
[2.667466878890991, 0.3137499988079071]
[2.565978527069092, 0.3293749988079071]
[2.6843783855438232, 0.2931250035762787]
[2.678079128265381, 0.30562499165534973]
[2.6192538738250732, 0.30687499046325684]
[2.617417335510254, 0.28999999165534973]
[2.580367088317871, 0.29750001430511475]
[2.5872035026550293, 0.31562501192092896]
[2.5734901428222656, 0.30125001072883606]
[2.567028284072876, 0.3343749940395355]
[2.5764145851135254, 0.3174999952316284]
[2.6117563247680664, 0.2918750047683716]
[2.535177230834961, 0.34812501072883606]
[2.5650548934936523, 0.3006249964237213]
[2.532926559448242, 0.3518750071525574]
[2.6408512592315674, 0.31812500953674316]
[2.565020799636841, 0.3425000011920929]
[2.4326775074005127, 0.35062500834465027]
[2.5403823852539062, 0.31437501311302185]
[2.586900472640991, 0.33687499165534973]
[2.579343318939209, 0.3031249940395355]
[2.5376932621002197, 0.34062498807907104]
[2.4979162216186523, 0.32749998569488525]
[2.4556326866149902, 0.3375000059604645]
[2.4697418212890625, 0.34687501192092896]
[2.479537010192871, 0.3518750071525574]
[2.573779582977295, 0.30125001072883606]
[2.494563102722168, 0.3568750023841858]
[2.557647228240967, 0.32749998569488525]
[2.523592472076416, 0.33000001311302185]
[2.4815964698791504, 0.3568750023841858]
[2.500072956085205, 0.3362500071525574]
[2.5436530113220215, 0.33687499165534973]
[2.5364625453948975, 0.3474999964237213]
[2.5467159748077393, 0.3243750035762787]
[2.520906925201416, 0.3112500011920929]
[2.4836342334747314, 0.3256250023841858]
[2.485394239425659, 0.32749998569488525]
[2.4732751846313477, 0.36375001072883606]
[2.3855180740356445, 0.3675000071525574]
[2.47745943069458, 0.3199999928474426]
[2.480858325958252, 0.34062498807907104]
[2.4762439727783203, 0.34937500953674316]
[2.4511876106262207, 0.3518750071525574]
[2.5016393661499023, 0.33812499046325684]
[2.5163655281066895, 0.32249999046325684]
[2.502772808074951, 0.34375]
[2.607729911804199, 0.3031249940395355]
[2.5583102703094482, 0.3031249940395355]
[2.5172061920166016, 0.3512499928474426]
[2.480372905731201, 0.35249999165534973]
[2.6503853797912598, 0.3043749928474426]
[2.4691309928894043, 0.36250001192092896]
[2.4454479217529297, 0.35374999046325684]
[2.4578166007995605, 0.3687500059604645]
[2.4821865558624268, 0.3137499988079071]
[2.5603349208831787, 0.3087500035762787]
[2.5480997562408447, 0.3174999952316284]
[2.5321078300476074, 0.3293749988079071]
[2.4384829998016357, 0.33000001311302185]
[2.362593650817871, 0.359375]
[2.421611785888672, 0.36125001311302185]
[2.5472218990325928, 0.3425000011920929]
[2.374011754989624, 0.3631249964237213]
[2.5501184463500977, 0.3231250047683716]
[2.4274024963378906, 0.34062498807907104]
[2.522085666656494, 0.3031249940395355]
[2.549811363220215, 0.32624998688697815]
[2.4701712131500244, 0.34187498688697815]
[2.4252281188964844, 0.34062498807907104]
[2.35723876953125, 0.35749998688697815]
[2.532276153564453, 0.3162499964237213]
[2.4752426147460938, 0.33687499165534973]
[2.4321494102478027, 0.32624998688697815]
[2.4616355895996094, 0.33375000953674316]
[2.392773151397705, 0.3356249928474426]
[2.533045768737793, 0.3293749988079071]
[2.4453320503234863, 0.3231250047683716]
[2.5090534687042236, 0.3449999988079071]
[2.556549072265625, 0.3462499976158142]
[2.4746365547180176, 0.34437501430511475]
[2.3870625495910645, 0.37062498927116394]
[2.493717670440674, 0.3174999952316284]
[2.430294990539551, 0.3400000035762787]
[2.562384605407715, 0.2943750023841858]
[2.438185691833496, 0.34687501192092896]
[2.392620325088501, 0.3687500059604645]
[2.4785971641540527, 0.33375000953674316]
[2.4762959480285645, 0.33812499046325684]
[2.429145336151123, 0.30562499165534973]
[2.468020439147949, 0.32875001430511475]
[2.382297992706299, 0.3675000071525574]
[2.441100597381592, 0.34062498807907104]
[2.495417594909668, 0.35749998688697815]