0.0010000021046345838
0.0010008034012832941
0.0010013031918338715
0.0010016905418712742
0.001003455424524554
0.0010034715556260796
0.0010051194122782678
0.0010061737306177347
0.0010050368531293046
0.0010065477321812726
0.0010078792406742452
0.0010083558185542986
0.0010111625144600424
0.0010111413339287888
0.0010109539933513946
0.0010128399046875622
0.0010155501920432939
0.0010172029157993984
0.0010157809886293687
0.001018910892427608
0.0010212114032728855
0.001022110331983809
0.0010188639139607136
0.001019634963287193
0.001023792253187998
0.0010289731824083903
0.0010291511944358358
0.0010315943943818495
0.001027599720581273
0.001033793219924559
0.0010318021636339005
0.0010311180586341669
0.0010374317696023219
0.0010373402204898136
0.001041267354008751
0.001038861844728386
0.0010386851165374415
0.0010462508343761225
0.0010491574987222573
0.0010468245626647455
0.0010448770106947641
0.001050381055162691
0.0010533201654356577
0.0010483528528304666
0.001060375134820064
0.0010561503836195555
0.0010600608051202106
0.0010633480619071153
0.00106443291920549
0.0010602474920242402
0.0010632863637723017
0.0010559996100307568
0.001068130831598167
0.0010653554525675364
0.0010681458761034627
0.0010791231726642045
0.001081604682982692
0.001079664918149762
0.0010794331341265062
0.0010749330203434666
0.001069644137706499
0.0010773170695754597
0.0010806648021623815
0.0010859411878070937
0.0010706968675521557
0.0010801407616287152
0.001081985648962167
0.001085873853861509
0.0010925638969387762
0.0010836911419361227
0.001089829377573852
0.0010872773007005625
0.0010858653236069636
0.0010816174008719602
0.0010947422601467504
0.001081749570505539
0.001099817483539499
0.0010947004808416272
0.0010778613333661746
0.001082474097063023
0.0010911160960995721
0.0010938297178831869
0.0010977164510499657
0.0010981152474369375
0.0010945300996323755
0.0010944089717631563
0.0010999787002075828
0.001108151355910664
0.0011035826862437312
0.0010865564230292278
0.0011041203312523132
0.0011052500027549015
0.0010876654525524571
0.0010990056860178835
0.0010936542644262614
0.0011089805106972066
0.0011034046203143037
0.0010979066026841847
0.0011023688417462298
0.0010998778243065806
0.0011030357632023202
0.0011080139509580579
0.001105154336521656
0.00110379605119672
0.0011135886084179664
0.001108769902834463
0.0011124537114864188
0.0011077393453676535
0.0011037898559416233
0.0011107585107573664
0.001109425713389556
0.0010950232000596022
0.0011054152280630988
0.0011019769316857522
0.0010972806876523734
0.0011069087244099734
0.001098176823791313
0.0011059189677657144
0.0011088963562249257
0.001111483440590841
0.0011097596116040477
0.0010985199743990678
0.0011021155762245098
0.0011058795908655663
0.00110531846635489
0.0010989787575470952
0.0011016708454699106
0.0011126025701034
0.0011054427397093171
0.0010982294884961193
0.0011097590164481483
0.0011150859084902904
0.0011101693275395277
0.0011008662990419193
0.0010986878122507043
0.0011034112035073274
0.00110350462775294
0.0011091884169808208
0.0011030667619213717
0.001114281309745841
0.001106112438878019
0.00110672432837319
0.0011129026332737208
0.0011177509355042277
0.001105874095619499
0.0011124180934113373
0.0011194252960046002
0.001109456950299555
0.0011088874297971686
0.0011176025863912078
0.001115686159654425
0.0011050878553600153
0.0011029996992316174
0.0011075209301723728
0.0011139920352891213
0.0011039324879639095
0.0011192332869042721
0.0011103037933025194
0.001116791761554164
0.0011061216233803123
0.001114564664376925
0.001109621623714515
0.001107453099752232
0.001117410600997536
0.0011192169142723361
0.001117102370872126
0.0011153825047244754
0.0011134423466212346
0.0011170935938939306
0.0011126319249827835
0.0011232412146049307
0.0011072714240173275
0.0011177897196552814
0.0011215918241019329
0.0011174364899108214
0.0011163077293929095
0.0011153192411792942
0.0011030677389393478
0.0011100530977812082
0.001114687173780282
0.0011145454531810838
0.001105412085571122
0.0011073307357870586
0.0011100505250792806
0.0011070569673603337
0.0011058283772729229
0.0011163124932721954
0.0011014653141224204
0.0011200793610074077
0.0011195467625972663
0.001117487551770764
0.0011138638184386162
0.0011098875456455035
0.0011119856869633356
0.0011098326902188366
0.0011077039512695692
0.0011149143854113786
0.0011150907066993165
0.0011139557803756805
0.0011162972048316094
0.0011171573443607282
0.0011184046645205982
0.0011148002054923456
0.0011172071326221932
0.0011086914175086218
0.0011102457390268865
0.0011141781357179052
0.0011137629396336625
0.0011079723933356547
0.0011084432515378164
0.0011236448878987747
0.0011188418935978448
0.001114527674371949
0.0011066364161518162
0.001110826068428154
0.0011107342396269233
0.0011066495236276268
0.0011161722421577595
0.0011162632796713932
0.0011136667613706429
0.0011211130028718715
0.0011125715239930912
0.001120292403420248
0.0011181914367315265
0.0011254886318866775
0.0011112490573619693
0.0011138875131011501
0.001109907087297277
0.0011159365631189105
0.0011088188056847905
0.0011109399326863652
0.0011077276363489074
0.0011104667462043722
0.0011118227674989899
0.0011134774928917097
0.0011139116765946123
0.0011142770203758812
0.0011100164864160423
0.0011216926050559549
0.0011138131136927923
0.0011196027513434065
0.0011194601954442973
0.001121691023898585
0.0011072063351285628
0.0011173080699902662
0.0011057947735079283
0.0011183402104030413
0.00111945380902567
0.0011113461987409278
0.001107861513922273
0.001109734399754496
0.0011236173669582825
0.0011122820000925417
0.0011161776404519817
0.0011155062302952452
0.0011089921648685089
0.0011166275051493733
0.0011121132866288423
0.0011227024678305078
0.0011080598167358124
0.0011033432904837672
0.001112090097213533
0.0011053421610539118
0.001106497568547289
0.0011085384188572684
0.0011024044017969544
0.0011272266776285803
0.0011133571038238793
0.001116210835335947
0.001116721631496375
0.0011155011763792073
0.001124410612112809
0.001114499825019445
0.0011125292237796228
0.0011153374017579352
0.0011233885188068945
0.0011206868442374947
0.0011119689435133782
0.001114424436590726
0.001120476144299707
0.0011196654787654975
0.0011121938917114207
0.0011050433838977456
0.00111708348404572
0.0011185242369533784
0.0011137607165940416
0.001112027959116818
0.0011155562496707049
0.0011134684454556815
0.001111165408615974
0.0011074087291888235
0.0011157369023143998
0.0011149353308207686
0.0011230270273181406
0.0011231580688536383
0.0011148384439429106
0.0011281822619863989
0.001114630895357278
0.0011228261854436127
0.0011199830031525797
0.0011080706793803945
0.001113845039860146
0.0011072811833084705
0.0011107499857562018
0.001124667944345306
0.0011129287636288709
0.001115718549872893
0.0011150264616704342
0.0011073500443489063
0.0011106084655399973
0.0011205646009748423
0.0011193212397250484
0.0011170038678952681
0.0011191283787226303
0.0011123271022966924
0.0011172315298875416
0.001108364239564267
0.0011164936641117425
0.0011249348236630414
0.0011191514333234308
0.0011140078021558274
0.0011093709762168191
0.0011137241899292307
0.0011138584922219185
0.0011157952843748927
0.0011087412768340575
0.001114057306029155
0.001121552114498398
0.0011158553654158163
0.0011117545038470836
0.0011176471941752907
0.001113375411008021
0.0011168464796706703
0.001115013972832295
0.0011093904274791467
0.0011205116810693143
0.0011139124454674595
0.0011129625041467076
0.001113786762950236
0.0011183717659521428
0.0011146819419408473
0.0011165808697321264
0.0011175029889741164
0.0011215421809211942
0.0011209475416743564
0.001118832810289547
0.0011205034149942813
0.0011194253520194755
0.0011144964128396145
0.0011201952420440287
0.0011147394424947136
0.0011229105090529768
0.0011173339494025024
0.0011175287473601818
0.0011202765586753817
0.0011153152669854843
0.0011192590652458648
0.001123301268585355
0.0011130865281788996
0.0011222295561050233
0.0011216519213252986
0.0011172822763562435
0.001115878621607026
0.0011268847553695125
0.0011159003033222358
0.0011119292432066699
0.0011104849182623918
0.0011175291924503598
0.0011128038252603619
0.0011210525421540144
0.0011234124094179883
0.001116111899105644
0.0011090089995364056
0.0011228996765595006
0.0011254898052758605
0.001110495333828912
0.0011182478241829254
0.0011211241610748247
0.0011210641486986848
0.0011106669757019263
0.0011268562254488864
0.001126783475726014
0.0011243974694494711
0.0011062034162825846
0.0011230958604821347
0.0011266698454764086
0.0011050105934396431
0.0011146180112899164
0.001116579705332699
0.0011191481037188112
0.0011290408856228058
0.001117546857539336
0.0011208553325552906
0.0011185737667495036
0.0011142709163863476
0.0011170706250698
0.001122278076167823
0.0011151817228543396
0.0011168543330997995
0.0011217075982590914
0.0011185696901215624
0.001124267985776816
0.0011137513580663223
0.001123017778970474
0.001116213714811417
0.0011145404166540457
0.0011283411667808657
0.0011202164747830103
0.0011089443103542759
0.001120488514182677
0.0011232032580275593
0.0011133577067359186
0.001110488688435358
0.0011251916642523777
0.001124570026513806
0.0011141475454901429
0.0011159163997669873
0.0011170147523356722
0.0011170874557281554
0.0011208515040693366
0.0011242045625401063
0.0011135776923421532
0.0011121174336458026
0.001115353796974001
0.0011189856727373785
0.0011251242594783018
0.001116621682228109
0.0011152916713763129
0.001116145778185234
0.0011124896619605718
0.0011097579884546023
0.0011176744409852335
0.0011273333019966411
0.0011244264069289979
0.0011139249399487608
0.0011116790382063133
0.0011208938736841458
0.0011170071998217635
0.001120602680247352
0.0011251770270676654
0.001130500602441221
0.0011192316635919967
0.0011237571318831476
0.0011132191535240263
0.0011158633569204306
0.001118331785032149
0.0011158920618595093
0.0011211585401492844
0.0011171791811996734
0.001122034315866598
0.0011154963711013594
0.0011127911622076832
0.001121498556365365
0.0011208484919884767
0.0011107399135602608
0.0011175273564579453
0.0011086277723110379
0.0011159686228064522
0.0011202587484542969
0.0011157716204762205
0.0011090257812643816
0.0011203991259548874
0.001118411808402385
0.001125907957692702
0.0011250864764199631
0.001123326088968951
0.0011176364242078383
0.001118754314847443
0.0011109073331866132
0.0011217157869759132
0.0011133334268565046
0.0011257722191814264
0.0011182634986796316
0.0011169581689823552
0.0011224330287512908
0.0011243327629098573
0.0011156254519456216
0.0011159309205525977
0.0011245873422494992
0.001113322630389542
0.0011165170567154525
0.0011251910352951865
0.0011221680905470594
0.0011164915300499836
0.0011136640452630178
0.0011253286674845861
0.0011130110834485158
0.0011132100323096358
0.0011112948627301843
0.0011127649900789815
0.001127861401671145
0.0011252056160280144
0.0011224672289018222
0.0011230210130206012
0.0011115323611215757
0.0011144094163701988
0.0011151965640631043
0.0011167333925867291
0.0011106775066692155
0.0011201304303593927
0.0011220853185984843
0.0011175087746682793
0.001113988025043815
0.001109307228864004
0.0011245079610743914
0.0011305094588254065
0.0011227221059547775
0.0011219303035616616
0.0011215767241941636
0.0011163331561550131
0.0011217214627440835
0.0011256865459229734
0.001129443503681785
0.001131253627926965
0.0011134043541628118
0.0011224721837395008
0.0011181387964002095
0.001122713434405824
0.0011215523402656065
0.0011156433837990294
0.0011131716059713827
0.0011110964092025794
0.0011211879347838593
0.001122579541160769
0.0011141053898010562
0.0011223548483689178
0.001120514099082952
0.001126132039320357
0.001122285885428305
0.0011219743344981212
0.0011200476965106069
0.00112625122073512
0.0011116018773892932
0.0011249207996284212
0.0011212919257809076
0.0011203503117874214
0.0011207144168176382
0.0011175529501676453
0.0011177190324060072
0.0011160526206128339
0.0011132933121479613
0.0011231447576005302
0.001124325181532543
0.0011267428533247351
0.0011090641510243962
0.0011166969736487867
0.0011164307577112903
0.0011253906568447448
0.0011186043712788577
0.001117670433116187
0.0011278504634527524
0.0011182506410650655
0.0011131983093860128
0.0011180113630926808
0.001120357365007161
0.0011251092828328858
0.001120710365166407
0.0011285069011493399
0.0011232984572614511
0.001121253978268594
0.0011189600314159536
0.0011193597662799981
0.0011241553951627016
0.001109694206200354
0.0011278059357192622
0.001116938403604316
0.0011237407489170907
0.0011256308479492027
0.0011250486412873897
0.0011142937107958722
0.0011231791865071341
0.0011159437547904145
0.001116667936209203
0.001118536855888213
0.0011238064003081213
0.0011214097198332658
0.0011210661770762196
0.0011186291980336122
0.0011198370559600808
0.0011202025160418428
0.00111636531684853
0.0011153821182543625
0.0011269445280174734
0.0011104586098475042
0.001123422011686785
0.0011232507826296498
0.001111256999319285
0.0011212379099193302
0.001120834867653339
0.0011188458064984748
0.001117152288236873
0.0011124910552715746
0.0011167848254391266
0.0011296118906166442
0.0011191810377689899
0.0011188813605038036
0.0011137827556599257
0.0011264818080836203
0.001120198303278771
0.0011173245813899434
0.00112203592723012
0.0011189591366685492
0.001116711479632837
0.001128644513527115
0.0011256731716762732
0.0011238029296165588
0.001111264832705066
0.001125296033443751
0.0011255828620322552
0.0011155292364365542
0.0011282257799346508
0.0011182650048163416
0.0011127882631881546
0.0011238676280806382
0.0011189938102237915
0.001114837507203483
0.0011143111171919896
0.001126102639050664
0.0011238102124285897
0.0011206958753654226
0.0011140862102499796
0.0011303375081478046
0.0011136100578338004
0.0011172037427380054
0.0011144795176616506
0.0011221952717675853
0.0011270363978123671
0.0011206506945063692
0.001122459584466732
0.0011184796285584394
0.0011242368422104431
0.0011216648796245694
0.001114222144265237
0.0011275474502076175
0.0011170453532139825
0.0011240919403714981
0.001117029469217949
0.0011262195986012848
0.0011221100599598278
0.0011264574542872163
0.00112474894062603
0.0011202031620044506
0.0011257438017564067
0.0011175960753078285
0.0011208405819115956
0.0011206508070274784
0.0011207983610789093
0.0011217223663595663
0.0011199891490806888
0.0011308315069111887
0.0011216212924320072
0.001124191543457507
0.0011165150056267642
0.0011270939287915057
0.0011211078184034688
0.001124069558033284
0.001126679530862066
0.0011160972858705815
0.0011259910033601507
0.0011206333949234485
0.0011260384280650157
0.0011283424966639323
0.0011129642829574543
0.0011248958094468423
0.0011193490701492937
0.0011202093970244808
0.0011262705630647228
0.0011245328027191888
0.001122375056561208
0.0011144684015235468
0.0011265131149957636
0.0011220133972504472
0.0011106578835643382
0.0011139422134625856
0.0011236261801891427
0.0011143780030689724
0.001123901832672872
0.0011219101838942018
0.0011206972258394788
0.0011229275242845536
0.0011253077023241687
0.0011254430165976654
0.001123689273938886
0.0011230016943798227
0.0011289623837254835
0.0011222441536787382
0.0011288360557196028
0.001125700321775183
0.0011273129647926662
0.00111891915556513
0.001118786112767242
0.001125610747840103
0.0011218748649350486
0.0011120410784275113
0.0011183965720625065
0.00112609062167809
0.0011163162324204572
0.0011180154315873767
0.0011232539625794804
0.0011161605600529326
0.0011251380935768166
0.0011220619082109849
0.0011126009302573705
0.001126067907663791
0.0011203059452069499
0.0011236683169396791
0.0011267910661235643
0.0011220979010752841
0.0011279483452924723
0.0011218137312659004
0.0011190879817945592
0.0011241156060801242
0.0011209461055134988
0.0011247911318625627
0.001124376801644921
0.0011227424539744404
0.0011217103654538889
0.00112752747229907
0.0011267865808639278
0.001115476046244188
0.001119766298119491
0.001119762428408589
0.001119744931253145
0.001119549648630213
0.0011260813006803026
0.0011236165993673945
0.0011309473216749395
0.001132436476715178
0.0011206668417475917
0.00112647925198484
0.0011137183724505373
0.0011241974974051283
0.0011239077804853473
0.0011261723155026636
0.0011223255009670465
0.0011135148920805179
0.0011260775436884604
0.0011268550463510339
0.0011222981656471048
0.0011238056037521683
0.0011299286719642396
0.0011231628939839399
0.0011208890874266266
0.0011203805210489612
0.0011186714281279774
0.00112414573931291
0.0011250154397220572
0.0011239791355912403
0.0011160833375873824
0.0011131757961838817
0.0011246540762858924
0.0011334968031896245
0.0011241426916651902
0.001124676590827292
0.0011177894690584207
0.0011189169190288183
0.0011288980974012083
0.0011183568108005476
0.0011242854254016827
0.0011205973645875506
0.0011205342312626
0.0011240715228236586
0.0011108987221243208
0.0011273198493192194
0.0011328279834161858
0.0011258124725618238
0.0011139507270352615
0.0011205315881285753
0.001116990262941332
0.0011133729992142988
0.001122650077884098
0.0011214660257817446
0.0011178619287560325
0.0011191860467704565
0.00111831605091336
0.0011192743206490591
0.001117498677597242
0.00112443056960955
0.0011178589765334314
0.0011282493332846232
0.0011214793986957484
0.0011288545914879783
0.0011245691136874808
0.0011149528875935475
0.00111928473398904
0.001121299284697058
0.0011224911261826524
0.001128027287453452
0.0011258768039713119
0.0011176534838056534
0.0011221391020329542
0.0011329549621104057
0.0011311881464998257
0.0011246890616343
0.0011244990060713875
0.0011287163555627731
0.0011173225799561816
0.0011191256089408974
0.0011227064066803407
0.0011136226759092354
0.0011166016633968514
0.0011222249733024877
0.0011216176510626076
0.0011248420952134897
0.0011134726127230202
0.001121313410973991
0.0011263392763853023
0.001131678544720463
0.0011246172693218479
0.0011169354056073757
0.0011200732411712627
0.0011195484437778885
0.001126759383319001
0.0011246014637789794
0.0011321629958103681
0.0011278671451272152
0.0011163227137294563
0.0011221130007924454
0.0011237467217628037
0.0011298381516602514
0.0011216840217373964
0.0011200513736753148
0.0011275219663711435
0.0011230644209830286
0.0011181971530421033
0.0011251033381260206
0.0011225539370334373
0.0011287983507731049
0.0011131570365732408
0.0011241598956426178
0.0011243454464982868
0.001124324355003769
0.0011218486187653705
0.0011289002120406033
0.0011199157996371846
0.0011235663977922621
0.0011295834610186087
0.0011174068193592608
0.0011179672265181797
0.001115825807133855
0.0011225756890631269
0.001119546034088799
0.0011267944876196376
0.0011196140737525485
0.0011324224561535924
0.0011235346213643953
0.0011148489135978082
0.001123392154821107
0.0011172710479752277
0.0011206079960080159
0.001117551225300486
0.001131216299903069
0.001126737305213654
0.0011192408718157416
0.0011186622944917254
0.0011273281167344293
0.0011192527953763581
0.0011273745282255215
0.0011241495560398442
0.0011188924580802365
0.0011274327334478168
0.0011211939944637689
0.001120738953068486
0.0011249608456695007
0.001130513770586574
0.0011267413584861241
0.0011265776354437156
0.0011340648164904557
0.0011255674315459754
0.001119815487367101
0.0011164272109884749
0.0011289346568227178
0.0011209241134596817
0.001126190275258989
0.0011228708108561947
0.001127910008280053
0.0011199056714037965
0.0011243555937811226
0.0011341422685554616
0.0011302869098026743
0.0011288898707356551
0.0011240727187897428
0.0011246081681877474
0.0011238763353438096
0.0011230684500362405
0.0011376527173628977
0.001126519807658764
0.0011294706130026825
0.0011263028223684564
0.0011342223983837763
0.0011174462510154404
0.0011148772387407188
0.0011196135132264687
0.0011296768625558048
0.0011285343835395567
0.0011340481781220754
0.0011286081653000893
0.0011263517923959102
0.0011304724910865828
0.001131338758923222
0.001125135006570241
0.0011242094626573807
0.0011331346275414212
0.0011313896627886794
0.0011168656834990053
0.0011134040800657911
0.001121773510094032
0.0011255421548597325
0.0011318239451808111
0.0011288319432610156
0.0011183945629367911
0.0011225611308774994
0.00111826681776944
0.0011225522660488067
0.0011152085369150633
0.0011220288316460794
0.0011189867633146049
0.0011248149421609957
0.001124742033056424
0.0011314753901718088
0.0011334854680699663
0.001129592143503408
0.0011319858199577073
0.0011224867656265413
0.001123061810641389
0.0011365888313944745
0.0011309657047025993
0.0011333531309806293
0.0011234139718949846
0.0011285713877441535
0.0011248466638080713
0.0011253034694390558
0.0011262920018875679
0.0011318905693433268
0.0011275509673885984
0.0011300809999021451
0.001123090752742771
0.001124897694343107
0.0011307368191118868
0.0011209255776657176
0.00113153076288418
0.001133272893459324
0.0011220056521045246
0.0011278376786851853
0.001123947426298805
0.001128671951436598
0.0011177146898575297
0.001123412835547216
0.0011289490849024184
0.0011249070047736106
0.001138781362025498
0.0011279273863100308
0.001125206788237397
0.0011277402102841515
0.0011257399633322685
0.0011224923720682728
0.0011247539073305326
0.0011313534271802
0.0011286074707935706
0.0011286527330428627
0.0011217128785422116
0.001131877483307221
0.001133064211687236
0.0011195716451017632
0.0011236574267419405
0.0011286597371853685
0.0011202790589390312
0.001117649838029212
0.0011324849673993833
0.0011182525654860143
0.001127750480676585
0.0011176728545301952
0.0011251164852422166
0.0011316778718793578
0.0011252679214376917
0.001125570551928565
0.0011334058700284786
0.0011210013044409214
0.0011156335750152674
0.0011250265255231678
0.0011233096175313287
0.0011263621271359178
0.0011151234690921009
0.001131054572855658
0.001135398228443998
0.0011239691442162154
0.0011197494175990013
0.0011291610714608102
0.0011283006083588904
0.0011304331398870784
0.0011153916697441242
0.00111923362276316
0.0011163041011440532
0.0011349390239846556
0.0011257077684625595
0.0011282650558791006
0.0011400133532624215
0.0011346853809351498
0.0011253830182854536
0.0011224895971487696
0.0011320775578916476
0.0011303305787250832
0.0011223011933412454
0.001123440847859961
0.0011316075249332067
0.0011189532090392785
0.0011260949524620665
0.0011254623606979516
0.001124346130573255
0.0011254449623937467
0.001132951641489113
0.0011348896086620073
0.0011302679886985745
0.001122440559221283
0.0011200546579014127
0.0011223135874204912
0.0011211644019204596
0.0011339014546535458
0.0011285068722219184
0.0011246849521997213
0.0011216791937361595
0.001122711847484689
0.0011281100647448222
0.0011360010446461804
0.0011277635211521327
0.0011251613615497179
0.0011266202741622116
0.00112516530643373
0.0011240335677822444
0.0011190218038661884
0.0011200882883476964
0.0011206962973878659
0.0011259139194234227
0.0011222453135960441
0.0011236490390184384
0.0011247011049065577
0.0011311967324066795
0.0011233810764870898
0.0011251404946053534
0.001128762388076042
0.0011308389153018366
0.0011216522600967416
0.0011244786444829658
0.001118098430658419
0.001128932049417126
0.0011306211779714074
0.0011306371206358597
0.0011293276073101742
0.0011246130468154736
0.0011241328368810275
0.001127436479740162
0.0011281339262141038
0.0011307858066837812
0.0011304541692320903
0.0011275972137515
0.0011327678925734505
0.001126094809057557
0.0011269073627817434
0.0011359734217241352
0.0011320134085083253
0.0011225611875226725
0.001134399029577392
0.0011258149080044051
0.0011274719855366984
0.0011296951921670895
0.0011236469918832666
0.0011262498145938285
0.0011267055134822695
0.001130760757811132
0.0011298921580363672
0.0011153768733557883
0.0011310495523010145
0.0011340367914327541
0.0011348108874145355
0.0011203420785723223
0.001122344773119276
0.001125353553127082
0.0011281846602111156
0.0011353108320273665
0.0011320306307504955
0.0011220206337844124
0.001125757122067117
0.0011255367162320104
0.0011206804860479076
0.00113624097210734
0.0011305966973853582
0.0011327045261142281
0.0011251077966443908
0.0011360812851641555
0.001133153035573233
0.0011327750875302655
0.0011324090522073392
0.0011356214499688613
0.0011287517912472681
0.0011371156843374066
0.0011341477278801304
0.001141103957185226
0.0011337213909015289
0.0011257079975945268
0.001122204266757638
0.0011287321621075612
0.0011282055516335153
0.001124456231330366
0.0011394280160989994
0.0011177854595392116
0.001137702795013789
0.0011254503134023558
0.0011333733778470273
0.0011213818249327745
0.0011211390393697993
0.0011272824041339798
0.0011353783699949536
0.0011380982578689334
0.0011279699987698571
0.001137970902180655
0.0011337562216167181
0.0011297377818792012
0.001133014152104111
0.0011383539190917302
0.0011308200155397384
0.0011298718099654534
0.0011342711957032727
0.0011302928483796465
0.0011278777953628947
0.00112002852551037
0.001132853774110368
0.0011271623250668876
0.0011241932242242014
0.0011377278969150716
0.0011323196696869228
0.0011370790674130591
0.001137474947194663
0.0011340261721346492
0.0011419982781743288
0.0011274127924834302
0.001120517838610259
0.00113497654987074
0.001122474590406512
0.0011341346551863019
0.0011305127509073862
0.001133438660300289
0.00113858424070465
0.0011348633658191567
0.001121060261016109
0.0011318129402383154
0.0011246726813289067
0.0011284275643848644
0.0011266931541936878
0.0011328043978556463
0.0011318048624146223
0.0011378208231106264
0.0011292860946703236
0.0011319424217577664
0.0011254794166588246
0.0011219243409816416
0.0011311177168594286
0.0011377901831041988
0.0011283362809599519
0.001133825276880924
0.0011418915163170559
0.0011275878427720407
0.0011295669969727988
0.0011275920812995497
0.0011388437592389634
0.0011383714405936525
0.0011390443629091783
0.0011218052289784077
0.0011422420389023266
0.0011249507907778427
0.0011394001184792083
0.0011301671169349767
0.0011300809126346828
0.0011228666145177647
0.0011452230755654303
0.0011338428160012552
0.0011405768327942532
0.0011277560487704544
0.0011329429727939908
0.0011430624341096458
0.0011361077299902056
0.0011305063707125653
0.0011324167659982317
0.0011314156442395673
0.0011361131083965804
0.0011258168563736434
0.0011378481777096273
0.0011364957416143567
0.0011346837548018253
0.0011383171124754608
0.0011274167114055072
0.0011327212619382178
0.0011300175635697675
0.0011433702562681158
0.0011210017832546913
0.0011286295222100776
0.0011320126762933648
0.0011267219550508713
0.0011266985864653613
0.0011410476240806115
0.0011254079945690859
0.001133063094583004
0.001128066506881672
0.0011281703000616096
0.0011365915995562531
0.001122166874383344
0.0011249971548193095
0.0011264887010499008
0.0011354335621345817
0.0011308553077853277
0.0011227132077022554
0.0011256248635785956
0.0011342755356174299
0.0011252443301113103
0.0011292806703388136
0.001125212363446446
0.0011397993024248227
0.0011405160467019668
0.0011242160722532279
0.0011318334577765188
0.0011307360901942616
0.001141821051103211
0.0011411145719141826
0.0011352912167264338
0.0011276765191265666
0.0011310909453496442
0.001133536494402681
0.0011313920007292885
0.0011401657079273195
0.0011335767507397196
0.0011388221586559235
0.0011392042507298056
0.0011367131573763103
0.001142629351779989
0.0011340762043054167
0.0011306633245186976
0.0011395926315929399
0.0011431668627225483
0.0011358512596433307
0.0011285878806264079
0.0011384560381993668
0.0011493995511290072
0.0011375883703679506
0.0011394888712491357
0.0011371243323451572
0.0011377534194525797
0.0011373843427020236
0.0011332305918066627
0.0011408802627718467
0.0011377618477724115
0.0011379014594635017
0.0011347592467818477
0.0011371609551007321
0.0011322246290856154
0.001129308460260856
0.00113398732659141
0.0011288403420078267
0.001145131633537996
0.0011302833583603966
0.0011325489596515294
0.0011319444128925207
0.0011434807741088533
0.0011436811566085533
0.0011373498101371986
0.0011361159016422824
0.0011373681354531397
0.0011283581955400532
0.0011418220212462366
0.0011342852785237903
0.001144200504215266
0.0011327579080382762
0.0011261920540831514
0.0011335664431592533
0.001142873530225649
0.0011234241140024581
0.0011333488051662338
0.00114429082349326
0.0011390279107297953
0.0011344168700703784
0.0011321657211066948
0.0011318286575344057
0.0011435238647769766
0.0011504955406924022
0.0011410782536373587
0.001137079842641087
0.0011454431653347193
0.001137500267877584
0.0011332845142819864
0.0011376987908677505
0.0011332628028531224
0.0011403316248423893
0.0011422801453204725
0.001131403866075786
0.0011426949078573855
0.0011269874524863284
0.0011280640807793986
0.001130769155788862
0.0011339425885483507
0.0011385550469316871
0.0011398388300991008
0.0011427105997621856
0.001141541635609622
0.00114565174834343
0.0011408931657758848
0.001131301010652338
0.0011320543569841809
0.0011375021192423778
0.0011412775621213727
0.0011454284587642145
0.0011439195777768975
0.001131797896940225
0.0011413424453037184
0.0011427186589242746
0.0011411593335199917
0.0011483010274738995
0.001137901638880205
0.001135711434622092
0.0011378430952354356
0.001139376281406354
0.001138156135739149
0.0011396809027425711
0.0011341274256257538
0.001141409159629382
0.001145325227005829
0.0011361097208801403
0.0011331186317566863
0.001134052308122411
0.0011473580450696783
0.0011438534349022392
0.0011470274446879157
0.0011356533403765012
0.0011366445570046733
0.001135104583633458
0.0011473029082342586
0.0011441234771287206
0.0011434392753663283
0.001133066475306687
0.0011389910468885844
0.001140242940895565
0.0011500877837411895
0.001151494169372796
0.001144229486441649
0.0011338236851489278
0.0011410252511621427
0.001137018337849065
0.001128241183313999
0.0011417095672521167
0.0011404860206189825
0.0011428485188042915
0.0011485022663951369
0.001128472653159494
0.0011389597704009552
0.001142611323455768
0.0011433579418913126
0.0011340703628302425
0.0011400214269802326
0.0011460138657418376
0.0011359066031853952
0.0011462483577425245
0.001143304941260897
0.0011500221682258286
0.001138472697065106
0.0011486407679333576
0.0011428450502398997
0.0011410031822995962
0.0011440997312936125
0.0011393422276116318
0.001137036552374808
0.001132238551916526
0.0011455646846292961
0.0011448900248455123
0.0011365073761691045
0.0011347320992913558
0.0011472395016152227
0.0011544132911764733
0.0011394567583146694
0.0011417450263976694
0.0011395174391677812
0.0011450060059034054
0.0011419624842392596
0.0011583186474306705
0.0011446388222292434
0.0011398333506881862
0.0011379207773116802
0.00114981200611533
0.0011498573998473093
0.0011430193216135243
0.001145241637476204
0.0011463174893255562
0.0011467199227704365
0.0011423853211247814
0.0011481950514130408
0.001153842537410022
0.001153477500682446
0.001142006923992535
0.0011446581423916772
0.0011453407262780467
0.001143282908813206
0.001152940611663384
0.001144113422345286
0.0011501181785027244
0.0011607739011731412
0.001149756707779133
0.0011521919006072482
0.0011474779053422203
0.0011557029964790416
0.0011421781044168955
0.0011428887450566142
0.0011597375711384205
0.0011440933443976958
0.0011533205575536317
0.0011461776113684892
0.0011550936815278507
0.0011521590859479287
0.0011532626250836257
0.0011506061825385695
0.0011478314090189027
0.0011391047457495296
0.0011464652004032506
0.001143369585669582
0.0011522212609518486
0.0011333261766421367
0.0011420652673574205
0.0011506422909948815
0.0011567459410271798
0.001157201190037156
0.0011454000916469676
0.0011423252419540942
0.0011548817557937197
0.0011515645125811267
0.0011496224338419963
0.0011542645763307627
0.0011619928622894917
0.0011587483382121037
0.0011497272861685994
0.0011539773076305875
0.0011644007198312947
0.0011428455979051622
0.0011458575315525137
0.0011551018099785813
0.0011573272011685045
0.0011639806926874328
0.0011430347268857667
0.0011468527530018706
0.0011592779012842547
0.0011540018525798012
0.001147479977136196
0.001156960133597079
0.0011531009742876237
0.0011639749632794767
0.0011546620911270403
0.0011614727356113442
0.0011514102692379102
0.001153875923695271
0.0011592378944012658
0.0011586679938527284
0.0011534794898502695
0.0011460499857490686
0.001146622729793589
0.0011532089942848465
0.0011623471853272852
0.0011478295204462741
0.001162948798657361
0.001166340619755753
0.0011580632173761054
0.001144730627590359
0.0011491898747552493
0.001154295098425723
0.0011659458698730322
0.0011635848105917767
0.0011544084447020556
0.0011505857387210663
0.001157108068566965
0.0011644452480901078
0.0011631579274953175
0.001153916017636327
0.0011484399283637349
0.0011597367967792669
0.0011613741433153754
0.0011497356697741134
0.0011643204681250437
0.0011590963362918727
0.0011456474160368329
0.0011411200155181384
0.0011456528544747649
0.001155724188285572
0.001156640931229418
0.0011487587424674661
0.0011525011831851097
0.0011584282185859098
0.0011575292726095918
0.0011682299212237921
0.0011516101837136486
0.0011521974958168398
0.0011619762792364943
0.001164348265231135
0.0011638612169619373
0.001164004921145329
0.0011569994434181637
0.0011507964985298727
0.0011514302701143965
0.0011501098149419651
0.0011666135099764325
0.0011659525940881281
0.0011554229079767668
0.0011577542362094168
0.001152295461026314
0.0011648333715743977
0.0011581700283414536
0.001167417217468679
0.0011624620018637157
0.0011626307270436586
0.0011622195922670901
0.001154856469670314
0.0011642044569816193
0.0011670785130801398
0.0011633407120075193
0.0011567556808701942
0.0011602959704171674
0.0011704097880576357
0.0011690665472335565
0.0011583971606516686
0.0011620700021861472
0.0011548263322654917
0.0011709705985872084
0.0011645714594248663
0.0011647641618561906
0.0011659193700650143
0.0011706624552949947
0.001155526394917124
0.0011596790805795934
0.0011626618830097198
0.0011700967513011582
0.0011747853244218364
0.0011556861968720982
0.0011617190055561622
0.001168989564638417
0.0011623033026173291
0.001168975009845636
0.0011545273810498527
0.0011722930499463617
0.0011705827742636357
0.0011654097836383572
0.0011611437276084302
0.001159443141177887
0.0011658220929198471
0.0011827805161184234
0.0011592085852949678
0.001164601577178825
0.0011666766175125636
0.0011661466083340932
0.0011512461765983977
0.0011592609250643752
0.0011621156063112417
0.0011585161752541227
0.0011731796670519606
0.001164302899625193
0.0011697073114898607
0.0011743472368410703
0.0011550365348180019
0.0011813107621542875
0.0011696046921203373
0.0011652574923772109
0.0011686736188433289
0.0011665151753460655
0.0011617908086573173
0.0011667678336822042
0.0011694471276716906
0.001164373376691569
0.0011690914684888535
0.0011683738014236634
0.0011668708166418548
0.0011631797367264603
0.0011588026210438813
0.0011634404640628278
0.0011698777111251721
0.0011603668402818319
0.0011699734082291676
0.0011575979315500533
0.0011690641818237553
0.0011766962921132807
0.0011818691803909365
0.001177437937296772
0.0011835393143886023
0.0011570504263055334
0.0011654584151964923
0.001178183930226062
0.0011745539951989233
0.0011718204926108487
0.0011728027101872319
0.0011647890465687012
0.001185472304186821
0.0011774787337137627
0.0011637164715724265
0.0011696892486705527
0.0011821607335086328
0.001168837025128909
0.0011678654209252902
0.0011585681972637461
0.001151680806299145
0.0011669404623225867
0.0011737920551336601
0.0011754756057716703
0.001181849971802184
0.0011831926330702063
0.0011804490304496956
0.0011680213045704843
0.0011669898130112644
0.0011692765119550928
0.0011667167028446793
0.001166312763921316
0.0011774330009709589
0.0011726001492552071
0.0011688426844174223
0.0011681155986405256
0.0011835662978589012
0.0011740013365046551
0.0011626285436440633
0.0011738655694208228
0.001163781571912627
0.0011673985669135955
0.0011729277572593549
0.0011615520751146594
0.0011854473655046312
0.0011764317834048689
0.0011713251935882671
0.0011673102993729643
0.0011714805480123646
0.0011728490102000694
0.0011697178291721847
0.001173251878983278
0.0011746835605828292
0.0011754824844310207
0.0011750388003252397
0.0011732404225582476
0.0011735383674661664
0.0011660202074401057
0.0011704708421514532
0.0011638090558259077
0.0011659301147216622
0.0011743514770976569
0.0011755212394910846
0.0011791078641469855
0.0011716853952055387
0.0011890443945429016
0.0011822252873119367
0.0011726497224264578
0.0011725042641365225
0.0011661717763375484
0.0011669974875949149
0.0011707790517580664
0.0011689041779879025
0.0011739604100724373
0.001179235484546748
0.0011752868460160174
0.0011770975933711875
0.0011638187085305138
0.00116755827810489
0.0011802089182594026
0.0011642003286235106
0.0011732668169411062
0.00118013646602417
0.001184855758152278
0.0011676104848397405
0.0011707116345756072
0.001173549497235776
0.001178250575934221
0.0011781156159828146
0.0011889893171473543
0.0011787385213248441
0.0011737753637593089
0.001171117343727943
0.0011592926556188684
0.001173336920597088
0.001174792322830715
0.0011663850823887861
0.0011846149567657342
0.0011765802946113988
0.001165700607995866
0.0011813535917600455
0.0011710749729495471
0.0011889639386367377
0.0011669351374456556
0.0011797766483762652
0.0011809272053368803
0.001179972943007424
0.0011786971369170372
0.0011725181190135648
0.0011716323550716547
0.0011615644129914753
0.0011784734106060864
0.0011863120733998467
0.0011806326042961255
0.0011698438370428663
0.0011799806882456941
0.0011778469113084284
0.0011735301810966172
0.0011713881515648184
0.0011891664210795581
0.0011719154813928066
0.001176024190316853
0.0011799066672975804
0.0011687661934243784
0.0011671315276359506
0.0011684359277385216
0.0011771833445999949
0.0011872751960202274
0.0011852603218525115
0.0011749964711547437
0.0011754177564885456
0.0011649440493724037
0.0011861841519282654
0.0011754543238107333
0.001167507141131639
0.00116157701115396
0.0011859427278231778
0.0011820968903242086
0.0011705846496502053
0.001170410423972125
0.0011795938824465573
0.0011723856985684344
0.0011643773107980915
0.0011816459228629124
0.0011669066956497285
0.001180945556117656
0.001179390558526475
0.0011743252224132507
0.0011754794537147321
0.001191704130947806
0.0011909927321647174
0.0011721882743833826
0.0011779521797107531
0.0011908619192664287
0.0011693966929575345
0.0011720344962821592
0.0011771337537819283
0.0011742929330494844
0.001187193375446927
0.001183180888277652
0.0011801842811190952
0.0011855694018701303
0.0011942756159479234
0.0011781988460061784
0.0011927543522486713
0.001183571582847483
0.0011772817632816103
0.0011783751087343294
0.001173451339785656
0.0011712701038722872
0.0011856962475169268
0.0011801330756676615
0.0011786071579391582
0.0011767257004570127
0.001178009396132393
0.0011783237007700806
0.001177086636548152
0.0011866175138339175
0.001167348782725514
0.0011796558395309577
0.001181346470429961
0.0011877401479681658
0.0011828799472801675
0.001185591249709372
0.0011707513391378914
0.0011814369762042855
0.0011812343581694377
0.0011862110595931832
0.0011713315055642086
0.0011739612908792637
0.001183514747921516
0.001188738229413687
0.0011667219576370995
0.0011708931468156227
0.0011752256655416674
0.001175055733701431
0.0011816961741389752
0.0011915195789431294
0.0011833627751314396
0.001174993649426905
0.0011860687803330824
0.001170377190924001
0.0011818332696965513
0.0011843373628889393
0.0011976833573087882
0.0011922448152897457
0.0011837266745338155
0.0011908576148269587
0.001181142039911681
0.0011797735040244837
0.001187085154642605
0.0011801105895953075
0.0011671055155453723
0.0011718738695556286
0.0011744657835670925
0.0011978010759533587
0.0011834335741038348
0.0012009507775408927
0.0011735572105152953
0.0011881018232225897
0.0011951043588730472
0.0011867442072936792
0.0011717303086833987
0.00120298735038907
0.0011884181837920667
0.0011877074580120299
0.0011906519351763181
0.0011862397355401847
0.001179462448060182
0.0011748031605016956
0.0011868853952245095
0.0011755303330266437
0.0011757928385437428
0.001188619725004664
0.00118119137225349
0.0011812932569503565
0.0011898277038891215
0.0011787059848418818
0.0011790367503527418
0.0011780980245380563
0.0011926406616211767
0.0011728200887081244
0.001199512347175002
0.0011796258608993023
0.0011877967693816962
0.0011859087183536984
0.0011818948633899242
0.0011859872917775733
0.0011931927012630039
0.0011687513502339454
0.001177218145356743
0.0011946042364334858
0.001179770152389714
0.0011905687140368285
0.001169367310075207
0.0011833945346303172
0.0011786632969164345
0.0011796428184836327
0.0011659278734722461
0.0011989248305402558
0.0011751502793206116
0.0011809410116781628
0.0011762614944823442
0.0011839295717186462
0.0011825011148554776
0.0011759956025131496
0.001194401619410463
0.0011879455985006114
0.00119135288998963
0.0011838414877268345
0.0011825181686288837
0.0011986775084999993
0.001173098893208671
0.0011804779498698402
0.0011782131438684885
0.0011773777471954536
0.0011772441115940357
0.0011909146537012116
0.0011752982464557098
0.0011834816459084542
0.0011837577726719754
0.0011922959568872419
0.0011874991219403058
0.0011924399501271046
0.0011930909139219903
0.0011817546780873965
0.001182337253483261
0.001179220481715308
0.0011878803545082267
0.0011861100095798668
0.001184958385741087
0.0011698574663794106
0.0011857471208563425
0.0011891145661622187
0.001193438963486655
0.0011929549143261345
0.0011786799238166562
0.0011842785212859152
0.0011905155034114675
0.0011955467940887327
0.001177836956362315
0.001192099583522979
0.0011776033863640804
0.0011924297810711041
0.0011794233087136028
0.001188971102856327
0.0011873664335951654
0.0011809392771777168
0.001190224607730984
0.0011865399752696625
0.0011943673551409358
0.0012028490603290286
0.0011793893162306088
0.0012038278679195884
0.0011881511201687197
0.0011812624169726057
0.0011995496799219428
0.0012011993504257206
0.0011786878417179491
0.001191062359827864
0.0011870595133351136
0.0011744695504325331
0.00117331724661672
0.0011908557495891824
0.0011754357331509283
0.0011942905289059628
0.0011993454590608352
0.0011756520159350947
0.0011857759282747644
0.0011969736955359008
0.001189150442809405
0.0011854252465087766
0.001194476150513507
0.0011817349204049261
0.0011826571813618753
0.0011869607583362138
0.0011886412645094335
0.0012017490043907141
0.0012006097470682394
0.0011891320046676283
0.0011906644454470728
0.0011794330067800367
0.0011883406714970424
0.0011830973948473618
0.0011874059998619082
0.0011906259126298563
0.0011864899554424105
0.0011890985906788277
0.0011877692560610935
0.0011798205000280364
0.00118956940721626
0.0012019854689445037
0.001195511305203553
0.0011960046650054035
0.0011844776193652446
0.0011773941645729785
0.0012054029152011722
0.0011926787341305309
0.0011850838091300516
0.0011887572486440992
0.0011829493035480946
0.0011796532836301661
0.0011782280955005022
0.0011869200832413298
0.0012001009801263995
0.0011960620394599467
0.001190870600075336
0.0011893122981623395
0.0011819092719034285
0.001180148159593496
0.001185801740971253
0.0011853808726101282
0.0011880253882621795
0.001180737381591613
0.001183699291266637
0.0012025122095515933
0.0011810064791752228
0.0011964839994113917
0.0011926173874577666
0.0011977279506017223
0.0011926161967354678
0.0011929432105642311
0.0012062907691317117
0.0011935286000007398
0.001187078354521995
0.0011923575979569234
0.001189775411880328
0.0012061616370943472
0.0011936439330801265
0.0011927373139393738
0.0011826989153790302
0.0011943841238154802
0.0011758035768205852
0.0011878400858391564
0.0011838339909365325
0.001196330297903979
0.0011785490338744745
0.0011970894139150838
0.0011917624475436413
0.0012055217022508532
0.001181495150793556
0.0012080753432015894
0.0011955989419742174
0.0011924640759774254
0.0011833589977967719
0.001198653244068257
0.0012057205135283767
0.0011918928287533914
0.0011816551030807215
0.0011852045344380108
0.0011849080343619084
0.0011920369874376575
0.0011966925326013463
0.0011999847217480188
0.0011940197081301493
0.001203823223100834
0.0011812550200243912
0.0011810508610018938
0.0011823535309643872
0.0012015784516434694
0.0011846878827890563
0.0011801321415966933
0.0011892427577028558
0.0011968211328638764
0.001209303163243324
0.0011834939625039425
0.0011972587509792626
0.001196451396105897
0.0011973295990777176
0.0011892997732563355
0.0011749132925569297
0.001212446570851212
0.0011976008680488835
0.0012014965196062491
0.0011910167769913784
0.0011836331546699142
0.0011868158898118177
0.001202842862479722
0.0011926037846407113
0.001192333516770433
0.0011975500207805064
0.0012090373356612929
0.0012011681236864464
0.0011927558323172587
0.0011816858449780903
0.0011993058270939581
0.001194135194914784
0.001188845843008139
0.0012080197310061723
0.0011965189459132207
0.00120528398675636
0.001203417527688261
0.001189274154151852
0.0011842744515776094
0.001203224866169154
0.0011990977161189984
0.0011894408249010055
0.001209781646665891
0.001200652702178468
0.0011920657987322023
0.0011985330922892792
0.0011847927366299851
0.0012018998155740681
0.0011825345955861991
0.0011881553500643143
0.0012157625414998647
0.001187153518678188
0.0011935288895446173
0.001199346381655045
0.001195700312006362
0.0012006965901925084
0.0011963373855847675
0.0011997815350055063
0.0011955267900818653
0.0011932700047690482
0.0011950504783148578
0.0011858978530799446
0.0011812412337186633
0.0011998514665821204
0.0011996188925794966
0.001195146604242371
0.001189961925182203
0.0011969046886275165
0.0011810642219668521
0.0012052632854294093
0.0011959162525272586
0.0011853805204629039
0.001200752682780868
0.0011799236410348344
0.0011975367417473048
0.001197953404347011
0.0011980730665754947
0.0011906686395523705
0.0011898927689827283
0.0011982910944695637
0.0011920325219363238
0.0011999592049395241
0.0011953595230077257
0.0012055784382684993
0.0011992017904345889
0.0012045686966343804
0.0011873146437913224
0.0011965389067304787
0.0012017433499786783
0.001182476494987528
0.001212955106927194
0.001193909810558782
0.001189421297821428
0.00120702625136711
0.0011976134894878686
0.001213353875683973
0.00119495889275105
0.0011882743805589498
0.0012009435798992186
0.0011901644801172962
0.001196431112210241
0.0011970284730898418
0.0012071540497814262
0.001202077105248898
0.0011964971221483255
0.00120062260701305
0.0012124695817785551
0.0011884483190876315
0.0011994781203426602
0.001197898126771002
0.0012012819071359677
0.001206678724201867
0.0011937915853722132
0.0012055880837001938
0.0011902053512559954
0.0012006208651438844
0.0012113848827881332
0.0011964176269219579
0.00120376217287298
0.0011983844417073968
0.0011974012705779499
0.001210640798235643
0.0011892382625735358
0.0012009858035796793
0.0012069281010713927
0.0012058582811777492
0.001195809776289754
0.0012097083018537125
0.0012071005003914698
0.0012075601071526983
0.0011940761949846208
0.0012064818500339752
0.0012036839118630097
0.0012122590410502919
0.0012007797132890586
0.0012064315936199013
0.0011967225648704084
0.001194720748992062
0.0011924104536088225
0.0011813334093147285
0.0012030463755001647
0.0012121513611601878
0.0012111026772646395
0.001190451699036994
0.0012143297873387483
0.0011981523778675492
0.0011973127010347878
0.0011937748137253812
0.0011919710200643126
0.0012007037077724546
0.0012102635286121103
0.0012146494096639763
0.0012018714931690052
0.0012008631932261564
0.0012056621678908103
0.0011899453319497105
0.001206286275012271
0.0012055199694462903
0.001205747730278777
0.0012113108796534128
0.0012062505132722763
0.0012102396898560918
0.001199588162256167
0.0012001500788821728
0.0012003150088733742
0.0011863044431838351
0.0012012005757979897
0.0011989788972534628
0.001208758947843507
0.0011984289187653946
0.0011950675036666602
0.0011826448995623708
0.0012106024103433223
0.0011791268950811823
0.0011933468219187187
0.0012067634407955082
0.0012064999141594074
0.0012058042449262212
0.0012068662294222317
0.0012147173198641737
0.0012083039773732782
0.0011989554929460172
0.0012098801553390127
0.0011982355339390754
0.0011922113743671886
0.0011991668245152818
0.0011907292993749764
0.0011866663880382867
0.0012065253871704265
0.0012039634982631262
0.0012067431671595925
0.0012113176762810777
0.0011846928365083977
0.0012155842845176183
0.001204429152659433
0.001205230806031855
0.001206178700496829
0.0011846097584863433
0.001206188440659446
0.001197543014366386
0.0012161205397524914
0.0011979026808168391
0.0012031382984207786
0.0012097082254621397
0.0011926622053729356
0.0011996064080058693
0.001199095872463219
0.001187324107782981
0.0012041550584415222
0.0012175647581584967
0.001188931220664724
0.0012112836562729386
0.0012037414261059961
0.0011926418885267118
0.0012030498127622868
0.0012124651105068554
0.0011962520157789936
0.001218973053059812
0.001210399058737038
0.0012006866184502952
0.0011914673842719561
0.001202416302060294
0.0012074341459162416
0.0012068552944073118
0.001189622806102105
0.0012098025837609212
0.0012165983841487926
0.0011970850187288159
0.0011999112096358752
0.0012010180504417693
0.001200731289988909
0.0011994354807256381
0.001199579224459977
0.00119572182247512
0.0012128195476628018
0.0011927882151686628
0.0012270673687724606
0.0012070840284803134
0.0011921832695970657
0.001219874006016769
0.0012122623536992725
0.0012001168891673144
0.0012003932120357582
0.0011938675586083715
0.0011970211859252424
0.001208632409613286
0.0012157846361304388
0.0012004073589131682
0.0012041673584451845
0.0012029574313236577
0.0011916152929328982
0.0011920586316624202
0.0012114417703489385
0.0012076212487683899
0.0011988582095865201
0.0011982214891627452
0.0012072225720162818
0.0012101010566976749
0.0011904659562112707
0.001217172876258244
0.001217776931111326
0.0012022699641441137
0.0011981512016430828
0.001223012040669957
0.0012011583961622852
0.0011848119966652343
0.0012097608256274065
0.0012185554449817566
0.0011951137826023358
0.0012012018383079817
0.0012085951130271127
0.0012078659391236558
0.0012045920916896116
0.0011965341540341263
0.0011953994007117112
0.001206403219448835
0.001208795122238298
0.0011900309543795016
0.0012072789090214824
0.0011957899370166974
0.0012085214087227594
0.001210992415635621
0.0012176312448037895
0.001217868182321124
0.0012074813846996617
0.0012112720227678828
0.001210520287333006
0.0012124488448851721
0.0012157192531499202
0.0011979617795143044
0.0011989383923713209
0.001205458235367107
0.0011976192133390435
0.0011931072496068926
0.001202111815932166
0.0012104346641211225
0.0011951800117868062
0.0012094506282687156
0.001207893274179087
0.0012006704938431936
0.0011979925639399307
0.001209833151465742
0.001198650703596463
0.0011953093465721363
0.0012110869450704827
0.0012052013028699615
0.0011886260620852878
0.001197264687941261
0.001211145887447432
0.001213118499305968
0.0012087765014037433
0.00119954251580995
0.0012113687134602481
0.0012171969136562772
0.0011875896833361663
0.0012050586446686858
0.0012229636011219674
0.001214505291565301
0.0012049329718217788
0.001202465594390748
0.0012115949320366754
0.0011989200766740716
0.0012065703292261072
0.0011969679107913915
0.001209605190797358
0.0012069509608412415
0.0012142893783227608
0.0012205257533774298
0.0012033668074508102
0.0012091715928388787
0.001206229481156582
0.0012106873912804054
0.0012068457597004464
0.0011994630204255833
0.001214887530947022
0.0011878243207577304
0.0012071663970283743
0.0012035531602912976
0.0011998813366216705
0.0011967063229279128
0.0012043216011470047
0.001194281312537403
0.0011991897658292657
0.0012110288965102838
0.0012174219550599294
0.0012103709602411807
0.0012110054960746517
0.0011956261674410842
0.0011959111813702591
0.0011957363338012273
0.0012060461447586945
0.0012037230023784371
0.0012203072684126481
0.0012010563132941548
0.0012221146824432116
0.0012109083844167557
0.00121545089392185
0.001198122054805898
0.0012136639964231235
0.0012262292287032722
0.0012033125806679035
0.0012202988834805121
0.0012124708152444245
0.001203639510598499
0.0011963633995434638
0.0012092639530869947
0.0012103243393383196
0.001208753160342172
0.0012006092282347666
0.0012035970622272989
0.0012102451997708468
0.0012023474852920538
0.0012012266439926746
0.001199870467723437
0.001213363153818761
0.0012130215191137282
0.0011984368657340311
0.001196495440651268
0.001203480865181268
0.0011997079248723239
0.0012151564428059347
0.0012098825248333294
0.0012109596594792468
0.0012178663381953092
0.0012057524048709983
0.0012066406094949297
0.0012180565381554004
0.0012048607205127995
0.0012202369924077898
0.0012043505679765105
0.0012055522916585926
0.001206941877281622
0.0012049709088174025
0.0011973147170201625
0.001196633098812548
0.0012246585912813913
0.001209510054300929
0.001209283290534369
0.0012076480685078888
0.0012022675419303725
0.0012038941018437473
0.001218507353714404
0.0012174260297410952
0.0012025399210286872
0.0012002217249405794
0.0012126537321084346
0.0011991514821080853
0.0012170572962042175
0.0012147882748707506
0.001187934551830363
0.0012109072723388496
0.0012211309046601601
0.001197560622420433
0.0012137789507852856
0.0012140340959972242
0.0011991498593993933
0.0012132422510441557
0.0012035792461766476
0.0012128349069722903
0.0011924164392187928
0.0012167237185367295
0.001200146822649612
0.0012241971664341167
0.0012080883360507545
0.0012188215193648332
0.0012025791242640169
0.0012180181824593685
0.0012076375224137857
0.001219584401148647
0.0012179735514622418
0.0012055492024395337
0.0012232463665719478
0.0012157266557610426
0.0012098260441987302
0.0012023155799371279
0.0012003343355999215
0.0012107779157065552
0.001204325503251768
0.0012183011546122702
0.0012102680057629457
0.0012085653551758345
0.00120936748196268
0.0012121291059258277
0.0011877092326186755
0.0012205190247762039
0.0012290711835093763
0.0012000501508447276
0.0011860582621451385
0.0012083116952755196
0.001195759414823869
0.001196627540071217
0.0012013939501947515
0.0012078176152813531
0.0012108023335767049
0.0012011720222101507
0.0012080114508311187
0.0012231749719624784
0.0011979892943221038
0.0012069304096781375
0.0011913942839725051
0.0012329569329212547
0.0012021175890204725
0.0012012345168838272
0.001217721197374517
0.0012103269036840539
0.001217172563079921
0.001215500217479967
0.0012159062827770096
0.0012109717412555389
0.0012058716314716415
0.0012026497477467936
0.001220865503063214
0.001207145869061683
0.0011996576793335562
0.001197576507241017
0.0011964298330917572
0.0011886288034485566
0.0012152984969616759
0.0011986397319511542
0.0011999516612553056
0.0012065038445726777
0.0012021248520955442
0.0012175728330021944
0.0012111436615502495
0.0012039309713832028
0.0012054145884548158
0.00120486568206723
0.0012107147527101049
0.001212725672112934
0.0012076420367039362
0.0012343135041922866
0.0012028906190883497
0.0012041690459848916
0.001213749104911789
0.0012093014848834278
0.0012131421021251171
0.0012124614101939471
0.0012322231416778324
0.001190888464685117
0.0012119400023992263
0.0012133790432837285
0.001197156228694687
0.0012194486941967822
0.001214127485972165
0.0012109486904110748
0.0011902501656464901
0.0011906199270491264
0.0012238016008263254
0.0011952655492125008
0.001194298838395508
0.0012193261758919785
0.001228016895161942
0.0012050503701581366
0.0011981627803037227
0.00120304697328206
0.001201595554615577
0.001190621289026978
0.0012221446434900842
0.001215977321049957
0.0012174610977618038
0.0011961305966593117
0.001231415991859663
0.0012295621400360294
0.0012242657949174324
0.0011990278863572082
0.0012031021611410078
0.0012109210777333124
0.0012074581435076014
0.0012246033520328524
0.0012064105866534628
0.0012246551009249642
0.0012233631973927782
0.0011977972210085355
0.001208600935558225
0.001213851584136596
0.0012111437383050523
0.0012067691146316398
0.0012182910172732937
0.0012002357156818773
0.001219895492580918
0.0012162695244577481
0.0012043753345743144
0.001212600742723953
0.0012307249759910056
0.0011986877818939133
0.001220613555432438
0.0012119958397465939
0.0012175105524964117
0.001199573389183051
0.001192797529951076
0.0012083889992332748
0.001227670131033629
0.001216476147877054
0.0012176837857970956
0.0012140842750052437
0.0012018397127288825
0.0011999085105903141
0.001221006797221795
0.0012005201133638197
0.001208673136654092
0.0012071977976714347
0.0012208230285194284
0.001220696670010043
0.0012269210259361074
0.0011960283142102071
0.001219347821022992
0.0012098081621366
0.0012234320785886068
0.0012087868969429096
0.0012147510282216234
0.0012265390041701866
0.0012031947739498336
0.0012012786757448445
0.0012098580664302624
0.0012150586927440704
0.0012054488953753876
0.0012014716172904908
0.0012123597463506966
0.001215669971940156
0.0012096358913029881
0.001208323519636298
0.001197473656044848
0.001209482648937741
0.0012171842291900747
0.001227140161924604
0.0012012468465431787
0.0012272691290851968
0.0012002253521071658
0.0012021561784458232
0.0012050043003344524
0.0012130940099427544
0.0012003394451724487
0.001224845604172119
0.0012176917069423917
0.0012032831527059229
0.0012264752321396745
0.001226549216999515
0.0012320707896202156
0.0012192194314990482
0.0012253834810079009
0.0012224971550020172
0.0012189539546408042
0.0012145145273558392
0.0012153419588854166
0.0012266157096232414
0.0012134079248074948
0.0012040161932722268
0.0012023673905816963
0.001209095384471327
0.0012140978383234702
0.0012105657893077678
0.0012137961009096214
0.0012089337292842328
0.0012187265982182064
0.0011992790397371694
0.0012045982505617318
0.0012125334587830589
0.0012201626606247304
0.0012291074906063447
0.0012112150519231807
0.0012170326046344326
0.0012352088230474204
0.0012033617209371323
0.0012229562999446335
0.001206090524815053
0.0012310510365381173
0.0012204329117828474
0.0012340908140182176
0.0012156787757439302
0.0012255706152626445
0.001230153443915071
0.0012121135513345075
0.001196484511150791
0.0012193769201783514
0.0012244682043267715
0.001211487718407528
0.001210927520466187
0.0012067986581293707
0.0012203410873412748
0.0012184535303842038
0.001218507353714404
0.0011988110532610058
0.0012137982689401727
0.0012031708892256627
0.0012034819502279082
0.0012226335068951477
0.001215961567991673
0.0012212482385264253
0.0012131129368795556
0.0012137413632710532
0.0012305306667817469
0.0012041249480536304
0.0012181539998434346
0.0012079427873014378
0.0012204803184110722
0.001223059330497803
0.0012161372373910644
0.0012240404563308555
0.0012084783816362302
0.0011979976704931132
0.0012112687209303822
0.0012221793828837894
0.0012200792171040424
0.0012066042386402157
0.0012273529382511583
0.0012107040224428758
0.0012273133981920146
0.0012260501149436813
0.0012278454505118455
0.0012049684271632241
0.001217200280609564
0.0012147838081389194
0.001214142679092135
0.0012182783657188987
0.0012242879932955204
0.0012222896359814514
0.0012086738218288324
0.0012291056995727188
0.0012124591360657174
0.0012277296538583953
0.0012067497483771272
0.0012116042717947855
0.0012208093602639166
0.0012189854578287859
0.0012347829999325897
0.0012341722401394309
0.0012196272955295317
0.0012442034532815015
0.0012300711947679313
0.0012131550052610666
0.0012211315392048172
0.0012202769730005158
0.0012145746444712226
0.001213808489864271
0.001217276986764489
0.0012144409980698113
0.001225047232453081
0.0012226770710358579
0.0012199258291312025
0.0012250756742888636
0.0012268315567311766
0.0012226025813194894
0.0012147652039364864
0.001232937973330007
0.0012068534025764326
0.0012209704072274957
0.0012109239922859622
0.0012056161928514682
0.0012213431540717113
0.0012092454177600256
0.0012331310859692473
0.0012272272937708245
0.0012030496633152908
0.0012134820163633112
0.0012435582006127047
0.0012200981885191996
0.0012094144898229997
0.0012132786946008227
0.0012135204613882857
0.0012164157705842446
0.0012088874436874681
0.0012214288097247557
0.0012117536701927848
0.0012086861552398397
0.0012192383100793917
0.0012068443219533328
0.0012032796006053565
0.001232015515883133
0.001228438127568285
0.0012084734363867256
0.0012170173446027213
0.0012168517246800383
0.0012329522753483943
0.0012233016010181643
0.0012187736615583374
0.001205237805930495
0.0012203321872597424
0.0011991712503555837
0.0012122253003164047
0.001211125164210127
0.0012246577487779208
0.0012254002106304252
0.001214521590208755
0.001227836694320456
0.0012431213067271851
0.0012217640821085216
0.0011939747583229238
0.0012057331037972016
0.0012181054614374836
0.0012127390976606261
0.0012148150377965774
0.0012320534050633983
0.0012236719253349757
0.0012220975745311
0.0012156929948151328
0.0012236712455034652
0.0012207064520136845
0.0012159663250172967
0.00121510682508073
0.0012207946230046655
0.0012213451384071672
0.001217003063471491
0.0012015195653795369
0.0012307202292934259
0.0012216707440125413
0.0012286280293258688
0.0012173132517389856
0.0012355801910105787
0.0012208883276476272
0.0012152301066316034
0.0012260379843052473
0.001233154965469565
0.0012049410175247368
0.0012329510388364485
0.0012124629519855025
0.001215012356052187
0.0012279552484073654
0.00121767523746559
0.0012340470480834238
0.001208817209787357
0.0012226103522716056
0.0012119667460886551
0.0012237589562433169
0.001220903782762456
0.0012109302049786864
0.001213488629798311
0.001226238785990505
0.0012101265292193525
0.001212173502504801
0.0012079244087840658
0.0012407159149110793
0.0012051003215676512
0.0012212349082711925
0.0012174236397772583
0.001206154917700834
0.0012010880109497577
0.001219449561898182
0.0012181521147124027
0.0012250647069969333
0.0012087607754985355
0.0012097165522571662
0.001223815803672008
0.0012194398595594797
0.0012255381844163023
0.0012293497833993183
0.0012015664801423526
0.0012246574278248277
0.0011968848131969332
0.0012125870919375676
0.001209313386182088
0.001221022416915985
0.00120998963006909
0.0012273526144633503
0.0012259655731720349
0.0012109872373188449
0.0012093383346554346
0.0012145650575357003
0.0012042938376308535
0.0012179626400412571
0.001226931251495223
0.0012105460249833555
0.0012163753955648975
0.0012305574946033047
0.0012205724222891542
0.001209347948378149
0.0012210196417850273
0.001226889340992775
0.0012207394438359124
0.0012082846644721817
0.0012059758896931262
0.0012168697921935052
0.0012106837126213473
0.0012134636851392558
0.0012145413825949375
0.0012192967267884362
0.0012045445524398529
0.0012180566166776453
0.0012453556955149849
0.0012134804693817783
0.0012205927308382482
0.0012042281158349854
0.0012162014616220358
0.0012099153174832445
0.0012318999867703898
0.00122242179309485
0.0012290121732788744
0.001238503556103979
0.0012217622937543864
0.0012076574389077604
0.0012263928324879145
0.0012059925652999983
0.0012126794588248272
0.0012206874427393396
0.0012088243695462658
0.0012112559746396486
0.0012059288860461204
0.001203242736017134
0.0012157478516026997
0.0012366767054144449
0.0012162316665276743
0.001203663395118799
0.0012105189468903526
0.001216933506339934
0.0012316247732205529
0.0012187819652933467
0.0012083332912419162
0.0012101615670022318
0.0012197249056923134
0.001222050115036678
0.0012380143012939823
0.001217048648057161
0.0012231560080756523
0.0012098906653342655
0.001227471548519456
0.0012227130270894481
0.0012227193258135519
0.0012186831222445254
0.001213449531407617
0.0012194647076294717
0.0012272414944807515
0.0012162944664325984
0.001212717377890628
0.0012239590292022653
0.0012283340036720592
0.0012368588974009163
0.0012317396653953453
0.0012257155901142381
0.001209940162766903
0.001221460926864802
0.001218148658669151
0.0012213677607428894
0.0012119084902034703
0.0012264170012953497
0.00120823920039111
0.0012115661074387394
0.0012207377406893562
0.0012245422274013975
0.0012217145684381074
0.0012047957016332463
0.0012209440886279807
0.0012350299663862955
0.0012344008694415995
0.0012344228595685838
0.00122535605605517
0.0012264555381425084
0.0012236112263349533
0.0012146228554314718
0.0012341232494913303
0.0012107445695211023
0.0012111379049954876
0.0012171060982744787
0.0012134847235999754
0.0012228927112698678
0.001201996042370196
0.0012291800769575203
0.001221928297632788
0.0012123926542641776
0.0012197440129958397
0.0012412782970797815
0.0012221998383949533
0.0012284176573686045
0.001224673796861574
0.001213894142348214
0.0012241536255746715
0.0012297844341647626
0.001217192059045027
0.0012192547066219232
0.0012293099854048396
0.0012259428097114368
0.001215759852844915
0.0012192183673967625
0.0012183825798979732
0.0012159679626990807
0.0012365511614319277
0.0012055711290453826
0.0012101267969599494
0.0012264503323587367
0.0012129908595876965
0.0012150915836449648
0.0012183846236697223
0.0012313945022684961
0.0012232257211155437
0.001224256018525128
0.001224530196431167
0.0012282181443984243
0.0012320600628628446
0.0012131906655844394
0.00123047660928513
0.001224588912042559
0.0012207054619180824
0.0012283353841792029
0.0012316280974722085
0.0012188065629928188
0.0012027389741815523
0.0012131826677257399
0.0012182153907999422
0.0012312101389407473
0.001218282844780548
0.0012186741130676255
0.0012075622309714498
0.0012221943861112302
0.001193455535346689
0.0012078911480304746
0.0012225097038473139
0.0012203738814380127
0.0012341473714481122
0.0012220158676260252
0.0012197333143374712
0.0012402394036259475
0.0012072304138610846
0.0012253912826893374
0.001227256666905656
0.0012124605622119342
0.0012139282629319648
0.0012290782654986725
0.001226651727434338
0.0012088476780214754
0.0012167092166562707
0.0012163660249535702
0.0012231112978819975
0.0012179354024448512
0.001232724511132841
0.0012288295575686543
0.001224422099324166
0.0012207648337289872
0.0012222551228825815
0.0012204462070555696
0.001221370459659759
0.0012342682578881587
0.0012117748979707322
0.0012254621905830071
0.0012236244607291683
0.001221351528054954
0.0012234635677354862
0.0012173620165350097
0.0012207661409101408
0.0012300419187271211
0.0012391723944171634
0.0012029448071927415
0.0012245705421504009
0.0012194478264978522
0.0012201224973694082
0.0012198377113808998
0.001210746639177408
0.0012201615536925
0.0012312546515268862
0.0012239854486097307