[4.45156192779541, 0.012500000186264515]
[4.452417373657227, 0.00937500037252903]
[4.452747344970703, 0.011250000447034836]
[4.452522277832031, 0.011874999850988388]
[4.45322322845459, 0.013124999590218067]
[4.452082633972168, 0.013749999925494194]
[4.452705383300781, 0.014375000260770321]
[4.4515180587768555, 0.010625000111758709]
[4.452811241149902, 0.011874999850988388]
[4.452302932739258, 0.013749999925494194]
[4.452521324157715, 0.016875000670552254]
[4.4531660079956055, 0.007499999832361937]
[4.452549934387207, 0.013124999590218067]
[4.452273368835449, 0.009999999776482582]
[4.452655792236328, 0.013749999925494194]
[4.452967166900635, 0.014999999664723873]
[4.452343463897705, 0.014375000260770321]
[4.4517645835876465, 0.013749999925494194]
[4.452280044555664, 0.012500000186264515]
[4.452566146850586, 0.011874999850988388]
[4.452016830444336, 0.016249999403953552]
[4.452068328857422, 0.013749999925494194]
[4.452133655548096, 0.010625000111758709]
[4.451513767242432, 0.011250000447034836]
[4.452577590942383, 0.011250000447034836]
[4.452348709106445, 0.014999999664723873]
[4.452061176300049, 0.014375000260770321]
[4.452121257781982, 0.014375000260770321]
[4.4517107009887695, 0.014375000260770321]
[4.452728271484375, 0.008750000037252903]
[4.451769828796387, 0.014375000260770321]
[4.452307224273682, 0.008124999701976776]
[4.453073024749756, 0.014375000260770321]
[4.452419281005859, 0.014375000260770321]
[4.451866626739502, 0.013124999590218067]
[4.452399253845215, 0.014375000260770321]
[4.452049255371094, 0.013124999590218067]
[4.451672554016113, 0.010625000111758709]
[4.452118873596191, 0.008750000037252903]
[4.452139854431152, 0.013124999590218067]
[4.452348709106445, 0.011250000447034836]