[4.453577041625977, 0.014375000260770321]
[4.453939437866211, 0.011250000447034836]
[4.454137802124023, 0.016875000670552254]
[4.454085350036621, 0.013749999925494194]
[4.454178333282471, 0.015625]
[4.453740119934082, 0.013124999590218067]
[4.453787803649902, 0.017500000074505806]
[4.454204082489014, 0.011250000447034836]
[4.4539031982421875, 0.01875000074505806]
[4.453974723815918, 0.014375000260770321]
[4.4538164138793945, 0.012500000186264515]
[4.453696250915527, 0.013124999590218067]
[4.4537739753723145, 0.009999999776482582]
[4.453635215759277, 0.017500000074505806]
[4.453639984130859, 0.02187499962747097]
[4.453857898712158, 0.015625]
[4.453790664672852, 0.015625]
[4.454075813293457, 0.014999999664723873]
[4.453545570373535, 0.018124999478459358]
[4.453863143920898, 0.01875000074505806]
[4.453910827636719, 0.016249999403953552]
[4.453836917877197, 0.016875000670552254]
[4.453640937805176, 0.021250000223517418]
[4.453729629516602, 0.014999999664723873]
[4.45382022857666, 0.010625000111758709]
[4.453632831573486, 0.021250000223517418]
[4.453975677490234, 0.02187499962747097]
[4.453804969787598, 0.012500000186264515]
[4.453887939453125, 0.013749999925494194]
[4.453867435455322, 0.014999999664723873]
[4.45405912399292, 0.011874999850988388]