0.001
0.0010000011168752026
0.0010000029106549094
0.0010000057536528844
0.0010000094089835016
0.001000013470524649
0.0010000186152381606
0.001000024233927813
0.0010000306651131224
0.0010000375365097065
0.001000044915855266
0.0010000529386019153
0.0010000619433414982
0.0010000711515308967
0.0010000808340370059
0.0010000907877733155
0.001000101554505661
0.001000112863459633
0.001000124850154877
0.0010001375485520906
0.0010001504507841624
0.0010001639632842368
0.0010001779168075547
0.0010001923452985732
0.001000206706876956
0.0010002222548928374
0.0010002382442747377
0.0010002550477778286
0.0010002719879359566
0.0010002895391501366
0.0010003072949136313
0.0010003247808288115
0.0010003431152428197
0.0010003617221499093
0.001000381415120476
0.0010004011774397584
0.0010004212125340813
0.0010004418595134699
0.0010004633897883913
0.0010004848880065035
0.001000506862858294
0.0010005296197164585
0.0010005524125646851
0.0010005758520195837
0.0010005992597452256
0.0010006237553918781
0.0010006488302901134
0.0010006734665349796
0.0010006981730847082
0.0010007240700683224
0.0010007510560159363
0.0010007782485752128
0.0010008056817669587
0.0010008332537971866
0.001000860489253158
0.001000888916450646
0.0010009180262587254
0.0010009474791841657
0.0010009767317142467
0.001001005715816199
0.0010010358587654803
0.0010010659713566574
0.0010010973113317736
0.001001129981144963
0.0010011625192139911
0.00100119390528831
0.0010012256694179704
0.0010012586621284765
0.001001292373605597
0.0010013261236478275
0.0010013609671745206
0.001001394284026846
0.0010014287285803418
0.0010014644715162996
0.001001499402400697
0.0010015348489519924
0.001001570709215026
0.0010016071877429747
0.0010016432968415294
0.0010016806036900832
0.0010017185635762974
0.0010017560179720626
0.0010017947392322864
0.0010018326141434124
0.0010018718928279564
0.001001911416402028
0.0010019509803231349
0.0010019898340821469
0.0010020302975186728
0.0010020715523876215
0.0010021125068675767
0.0010021533656322705
0.0010021940262055907
0.0010022347958231718
0.0010022759136133286
0.001002317857978786
0.0010023595360447925
0.001002402963764473
0.001002445783825372
0.0010024889188491716
0.0010025341810077923
0.001002579211975659
0.0010026251060691138
0.0010026704954525052
0.0010027164404776447
0.0010027621201641943
0.0010028086980624414
0.001002855044986295
0.0010029017428709304
0.0010029485521913977
0.001002995610016028
0.0010030438072041678
0.0010030925961662513
0.0010031407777286035
0.0010031895512832413
0.0010032368943522175
0.0010032852751046992
0.0010033345912441108
0.0010033849119303597
0.0010034353799615384
0.0010034857895099554
0.001003536895708521
0.0010035874973254723
0.0010036387616078415
0.0010036913072067498
0.0010037438294571881
0.0010037962596186167
0.0010038481164696502
0.001003900465298433
0.0010039536502403329
0.0010040077749954412
0.001004062221005382
0.001004116265963065
0.0010041704946225527
0.0010042249415199956
0.0010042796412219567
0.0010043341117972361
0.0010043895241458865
0.0010044445008708452
0.0010045014537418452
0.0010045570408970558
0.0010046126403586496
0.0010046684245366925
0.001004726497373767
0.0010047844801492633
0.0010048413721551466
0.0010048985531496205
0.0010049571625078027
0.0010050176155737892
0.0010050761145676279
0.0010051354908134625
0.00100519429368557
0.0010052541817265031
0.0010053151211381582
0.0010053742081068161
0.0010054354879090413
0.001005496851844435
0.0010055566736155775
0.0010056185170954964
0.0010056800642104916
0.0010057418341677146
0.0010058060092803587
0.0010058677408969422
0.0010059315322965229
0.0010059945079566714
0.0010060579848007421
0.00100612102681665
0.001006185021258407
0.0010062510098113229
0.0010063167727229782
0.0010063833513217488
0.0010064491488400136
0.0010065144772757537
0.0010065790235607348
0.0010066451155438525
0.0010067100082087666
0.001006773735392999
0.0010068413045250517
0.0010069082307971708
0.0010069747920806304
0.0010070427980993898
0.0010071104394997394
0.0010071777159815752
0.0010072467522575595
0.001007314309094122
0.0010073835919641963
0.0010074524406556346
0.0010075230518983807
0.0010075936131727235
0.0010076625541967801
0.0010077325961040163
0.0010078027273163106
0.0010078718652874398
0.0010079422798094197
0.0010080117356257832
0.001008082888291259
0.0010081531870001733
0.001008223190577029
0.0010082957322743822
0.0010083678049688232
0.0010084388132225635
0.0010085120122021133
0.0010085855826589146
0.0010086576331756875
0.0010087311410116174
0.0010088057218552821
0.0010088780807421894
0.0010089522140347188
0.00100902756195486
0.0010091022305108006
0.0010091769913820876
0.001009253705724225
0.0010093296003860013
0.001009405166521826
0.0010094812473438598
0.001009557280794217
0.0010096336888345565
0.0010097109642957965
0.001009788580124723
0.0010098660790235111
0.0010099415947007993
0.001010019774577958
0.001010096956927343
0.0010101737047136284
0.001010251145653783
0.0010103288571993105
0.0010104077214833362
0.001010487033838771
0.0010105650650830502
0.0010106434029049556
0.001010722683335323
0.0010108035078794477
0.0010108842875982621
0.001010963820417194
0.0010110457830765274
0.0010111276661931765
0.0010112085142087524
0.001011287865934073
0.001011369296358106
0.0010114524886825629
0.0010115355312187537
0.0010116164388879532
0.0010116981524866367
0.0010117801407680046
0.00101186304261752
0.0010119457941892395
0.0010120294604056973
0.0010121121598938682
0.0010121970890418126
0.0010122803053358887
0.0010123642955471885
0.0010124517987004568
0.0010125375889760686
0.0010126216646192002
0.001012706978521333
0.00101279150215422
0.0010128759827691407
0.0010129638767935943
0.0010130490209263434
0.0010131366541109275
0.001013222819459224
0.0010133100846102079
0.0010133965231508336
0.0010134827412427655
0.0010135708818135752
0.0010136585528064872
0.0010137469332830345
0.0010138338785638037
0.0010139200667648755
0.0010140081091185437
0.0010140974348421584
0.0010141886897996743
0.0010142779717212838
0.0010143687183729816
0.0010144587806105324
0.0010145493409915176
0.001014638714123956
0.0010147296258464502
0.0010148207496408648
0.0010149119061761526
0.0010150010838549156
0.0010150913349802244
0.0010151826247364235
0.0010152743788645398
0.0010153661301999855
0.0010154566911790772
0.0010155506684032816
0.001015642879792507
0.0010157346563490135
0.0010158277634800222
0.0010159229236788706
0.001016016785114182
0.0010161107534045555
0.0010162042150839237
0.0010162981083200965
0.0010163888217038163
0.0010164811934005838
0.0010165762011205396
0.00101667316078522
0.0010167679509270131
0.001016862993545336
0.0010169578907129819
0.0010170549236742333
0.0010171500736524323
0.00101724391835785
0.001017338595285411
0.001017432618394804
0.0010175288893910994
0.0010176240717071029
0.0010177185271816476
0.0010178130540565763
0.0010179108498812287
0.0010180100645792091
0.0010181064452583128
0.0010182037718742289
0.0010183004806786976
0.0010184003570666502
0.0010184985245187802
0.0010185997902507626
0.0010186985084552414
0.0010187984681899504
0.001018900072142233
0.0010190017896207898
0.0010191024525551358
0.0010192049812925426
0.0010193055418783506
0.0010194096509176349
0.0010195090491351285
0.0010196151434688555
0.0010197187935658178
0.0010198210214658059
0.0010199247553159213
0.00102002746886765
0.0010201309568733353
0.0010202363936439348
0.0010203384624612596
0.0010204419299604786
0.0010205465408314616
0.001020649945858216
0.001020752106809838
0.0010208596753136017
0.0010209650459902702
0.0010210697244150463
0.0010211736729102984
0.0010212803515061205
0.0010213833544668622
0.001021490747157141
0.0010215964155312373
0.0010217028283570114
0.0010218078466276168
0.0010219118007890554
0.001022017348120262
0.0010221261159696266
0.0010222339692649916
0.0010223409437956077
0.0010224490727453108
0.001022555693321832
0.0010226640982611156
0.0010227703271268537
0.001022878156229322
0.0010229848447295342
0.0010230937284439964
0.0010232042907945501
0.001023312711291018
0.0010234216604266733
0.0010235309531303899
0.0010236405154970876
0.001023747819873348
0.0010238591859719486
0.0010239706005452092
0.0010240811702438212
0.0010241915270327558
0.0010243033098991455
0.0010244131661241807
0.0010245234796680963
0.0010246334676960965
0.0010247467872180852
0.0010248597461721312
0.0010249703269398327
0.001025085402510383
0.001025197725739325
0.0010253101356188746
0.0010254258503581111
0.0010255384726503558
0.0010256538036238672
0.0010257673879219711
0.001025879748005466
0.0010259936574597709
0.0010261085930416876
0.0010262224915769263
0.0010263347883579046
0.0010264515675544998
0.0010265662950380628
0.0010266811114354605
0.001026797446426517
0.0010269137212501984
0.0010270283166368373
0.001027142435791382
0.0010272599222685217
0.0010273750116424132
0.0010274927931981722
0.0010276065906152745
0.0010277205894878793
0.0010278339590487071
0.001027952026823326
0.0010280679182195827
0.0010281871148210915
0.0010283067451468614
0.0010284251060655438
0.001028542953336986
0.0010286614230647804
0.0010287810468517635
0.0010288982229303383
0.0010290177292410652
0.001029139037487977
0.0010292599851438548
0.0010293805336655329
0.0010295031536804444
0.0010296229033018825
0.0010297400829200878
0.0010298587245433748
0.001029980277560125
0.001030101087727962
0.0010302249665108578
0.0010303454338186561
0.001030465919331248
0.0010305874157036671
0.0010307057608333582
0.0010308272939487653
0.001030948884405561
0.0010310699967371148
0.0010311930029160135
0.0010313180587713199
0.0010314417196744562
0.0010315653249359453
0.0010316887977544478
0.0010318122529878533
0.0010319391447612687
0.0010320648702133585
0.001032187353072092
0.001032311738995604
0.0010324377999754483
0.0010325631146192418
0.0010326882591765816
0.001032811346365288
0.0010329355710557116
0.0010330592773279861
0.0010331865523658655
0.001033312886940374
0.0010334383182364364
0.001033562651789374
0.0010336888226810767
0.0010338150552039777
0.0010339408079076944
0.0010340673183771082
0.0010341949748553746
0.0010343254446596366
0.0010344531124064683
0.0010345820839998251
0.0010347132924172972
0.001034843092486866
0.0010349705112177596
0.0010350976042056803
0.0010352261590122493
0.0010353554388503868
0.0010354843552779997
0.001035613842022981
0.0010357416408536527
0.0010358705549337291
0.001035999026379165
0.0010361279906592644
0.001036258150949972
0.0010363872833751729
0.0010365211290403753
0.0010366510961685336
0.001036780502818827
0.0010369108348600318
0.0010370427199671364
0.0010371716956803726
0.001037304849929685
0.0010374350538371797
0.0010375665390886615
0.0010376965212664205
0.0010378295133815576
0.0010379616308844204
0.0010380952699382121
0.0010382314946185492
0.001038361810391445
0.0010384948684035097
0.0010386260647898922
0.0010387572092856925
0.0010388882623459828
0.0010390245882684237
0.0010391615777632665
0.001039293545793565
0.001039424909284815
0.001039563651612994
0.0010396979595994912
0.0010398327722686673
0.0010399673777677487
0.001040106806112079
0.0010402397306047452
0.001040374546990255
0.0010405117342242145
0.0010406474458496155
0.0010407833871563742
0.0010409220219560558
0.0010410600548135859
0.001041196013010358
0.0010413294156907474
0.0010414639618183123
0.0010415987368593172
0.0010417354550285426
0.0010418721652488568
0.0010420118998957337
0.0010421502324229654
0.0010422879594051365
0.0010424244803735085
0.0010425621524910629
0.0010427031378869558
0.0010428413976075104
0.0010429800110329055
0.001043123266261066
0.001043262270195166
0.001043401308138195
0.0010435433099902692
0.001043680971874253
0.0010438193894567887
0.0010439578804987586
0.0010440988985572326
0.0010442387453096307
0.0010443820895166991
0.0010445246664368723
0.001044667684027237
0.001044808279460686
0.0010449492330796102
0.0010450931293833714
0.0010452366606152005
0.0010453795431855418
0.0010455257796674574
0.0010456697106292626
0.0010458096318052708
0.0010459521393647176
0.0010460948056907578
0.0010462408751615382
0.001046387310276591
0.0010465285497434531
0.0010466701904499472
0.001046816419057685
0.0010469609808527504
0.0010471023269387114
0.0010472463547173624
0.0010473887918098727
0.001047532692026017
0.0010476790771192694
0.0010478219130182456
0.001047969480403057
0.0010481158239451502
0.0010482605737368318
0.0010484054444132292
0.0010485542409310435
0.001048699806203881
0.001048844756062386
0.0010489946627902618
0.0010491422360041991
0.0010492892768889416
0.0010494353739909704
0.0010495869741618431
0.0010497352098104305
0.0010498815143597249
0.0010500311508023518
0.001050174779988081
0.0010503273434237365
0.0010504771930402556
0.001050627870471361
0.0010507789232144184
0.001050929567453439
0.001051078604498449
0.0010512259488905957
0.001051375485001827
0.0010515256027701179
0.001051672577005714
0.0010518254743340386
0.0010519764710584737
0.0010521281766193871
0.0010522794302697562
0.0010524334282678404
0.0010525869763649222
0.0010527378705352372
0.001052896462890897
0.0010530503230677091
0.001053204648004256
0.0010533572717577942
0.001053510400931183
0.0010536631603161636
0.0010538193057941245
0.001053972119168989
0.0010541244779679949
0.0010542788064828532
0.00105443276520249
0.0010545858929327954
0.0010547365127269626
0.001054886045139165
0.0010550398138079304
0.0010551940917580321
0.001055345101370674
0.0010555011122703553
0.0010556528231416254
0.0010558068502311904
0.0010559594523598904
0.0010561170900935727
0.0010562707353657776
0.0010564300556123061
0.0010565887338621698
0.0010567451017567163
0.0010569048140389359
0.0010570580520781788
0.0010572147614643346
0.0010573695543014171
0.0010575274644688002
0.0010576859984609244
0.001057841999913456
0.0010580012103168235
0.0010581606439080187
0.0010583183904210637
0.001058480500607292
0.0010586389268349445
0.0010587968524716248
0.0010589562130236287
0.0010591156695610256
0.0010592743060432281
0.0010594296906503635
0.001059588024787724
0.001059751576134125
0.0010599095689093501
0.0010600714597397967
0.0010602332998445947
0.0010603947039293014
0.0010605537443310856
0.001060717207379389
0.0010608761841750536
0.0010610384091393873
0.0010611989735804699
0.001061361997391583
0.0010615240900392242
0.001061689721822953
0.0010618513263728772
0.001062012943254849
0.0010621779757398382
0.0010623393821148693
0.001062503366786099
0.001062664776863058
0.0010628287034713118
0.0010629897496193894
0.0010631515419989835
0.0010633160937260136
0.0010634820894331548
0.0010636510262755508
0.0010638117262811754
0.001063975342654782
0.0010641358482000635
0.0010642995989749635
0.0010644655797603956
0.0010646324467721827
0.0010647986135847028
0.0010649626204159986
0.001065127185727136
0.0010652970615880638
0.0010654642544390314
0.0010656324469897087
0.0010657958546783986
0.001065962945827128
0.0010661283709487398
0.0010662962832985042
0.0010664658775632633
0.0010666326227477638
0.0010667999106159277
0.0010669661411255985
0.0010671310269352223
0.0010673019654895966
0.0010674728378407751
0.0010676407634986908
0.0010678101589111349
0.0010679793096480454
0.0010681433689229522
0.001068312466437511
0.0010684844281045513
0.0010686496587758634
0.0010688185250993538
0.0010689899510833076
0.0010691612880889025
0.00106932941605178
0.0010694975169781241
0.0010696662110460215
0.001069837893456728
0.0010700081999175963
0.001070171978197934
0.001070342053337915
0.0010705118588337362
0.0010706867980373326
0.0010708589364883075
0.0010710321209237879
0.0010712051055011302
0.0010713783356662838
0.0010715478851579707
0.0010717183233854032
0.0010718903668029947
0.0010720667231859525
0.001072233510390711
0.001072408235046913
0.001072581998608967
0.0010727539250868449
0.0010729318149254893
0.001073108386616437
0.0010732859279031486
0.0010734563514006423
0.0010736283671406398
0.0010738049929358141
0.0010739804292245428
0.0010741616123627908
0.0010743357489230592
0.0010745115775263796
0.001074687927606164
0.0010748601470362096
0.0010750349857416002
0.001075209870410207
0.0010753866342053033
0.0010755659148528952
0.0010757394004055202
0.0010759141771029045
0.0010760897708606899
0.0010762703383967516
0.0010764449151785813
0.0010766208557526794
0.0010767987087223754
0.0010769782956566016
0.001077159665491581
0.0010773408156126607
0.0010775188255495779
0.0010776949216120162
0.0010778720465133645
0.0010780522364529084
0.001078232203859698
0.001078409201700188
0.0010785873464247858
0.0010787650359821393
0.0010789463055361596
0.0010791268249545018
0.001079309509015403
0.0010794872384534038
0.0010796699368095305
0.0010798518845307997
0.0010800341391667984
0.0010802116322403727
0.0010803926543328044
0.0010805739131871147
0.0010807509534044113
0.0010809268622055067
0.0010811084567979117
0.0010812894101003508
0.0010814679151686483
0.0010816472330707834
0.0010818301236222329
0.0010820154574187352
0.0010822023109379453
0.0010823921737623191
0.0010825774979744268
0.0010827615303719408
0.0010829428251829115
0.0010831328123989724
0.0010833126313882812
0.0010834959748648653
0.0010836793958472343
0.0010838649028200697
0.0010840455591258817
0.0010842305219059
0.0010844167108563937
0.0010846048543471471
0.001084790808514009
0.0010849757646782731
0.001085160401196043
0.00108534366063006
0.0010855290412185375
0.001085715136371657
0.001085902512172256
0.0010860879217769138
0.0010862732460155964
0.001086464167032419
0.0010866560481827756
0.0010868484663644523
0.0010870387525425676
0.0010872276824050362
0.001087409881909195
0.001087598596435078
0.001087786186259101
0.0010879755415755176
0.0010881609241062409
0.0010883538171030215
0.0010885392913389078
0.0010887291479456584
0.0010889162105999317
0.0010891070922609295
0.0010892949390273444
0.0010894849897143816
0.0010896746243533768
0.0010898656803632976
0.0010900584473280826
0.0010902499401026096
0.0010904430509212184
0.0010906368014363817
0.0010908270478126286
0.0010910218626974748
0.001091215881060632
0.0010914028823028863
0.0010915964991397146
0.001091789171439148
0.001091974857747618
0.0010921725648361605
0.00109236730685865
0.0010925584504203737
0.001092750475843977
0.001092945364875373
0.0010931390881759658
0.0010933321267548213
0.0010935291976279192
0.0010937242070571762
0.0010939147514999015
0.0010941095754310238
0.001094300388635635
0.0010944964588617467
0.0010946891703288353
0.001094882990317309
0.0010950786511283027
0.0010952753042309691
0.0010954695397748322
0.0010956611330015494
0.0010958563989998428
0.0010960503145241846
0.0010962448561644587
0.0010964359897939595
0.0010966310012615285
0.0010968251474023098
0.0010970186468302792
0.0010972145883081537
0.0010974066692906602
0.0010975996216596351
0.00109779506927288
0.0010979876555471985
0.0010981851764998028
0.0010983800564183521
0.0010985791170153257
0.0010987764227133436
0.001098976338607948
0.001099181538107076
0.0010993797961816318
0.0010995758967494752
0.0010997692161830352
0.001099966437100879
0.0011001649895220323
0.0011003613285614556
0.0011005562437836824
0.001100759694490834
0.0011009546933069105
0.0011011508255624955
0.0011013450062685077
0.0011015427124690465
0.00110174821529221
0.0011019496296690587
0.0011021481450472143
0.0011023513764072295
0.0011025532073247327
0.0011027506816524894
0.001102953055677371
0.001103155603402258
0.001103358199674036
0.0011035630782236787
0.0011037643917111422
0.0011039633638012304
0.0011041660763593266
0.0011043637273500163
0.001104564517504248
0.001104766361258045
0.0011049668642625944
0.001105172486176054
0.0011053756843069729
0.001105576377318192
0.0011057811630778404
0.0011059797201628295
0.0011061860972493688
0.0011063875824780336
0.0011065930208554481
0.0011067990436056895
0.0011070025006757207
0.0011072082691242816
0.0011074135798336724
0.0011076174128648113
0.0011078262133576704
0.0011080301208771103
0.0011082304518072624
0.0011084348615473406
0.0011086449183977814
0.0011088475875553586
0.0011090550132951068
0.0011092586487134832
0.0011094593057679601
0.0011096663430096962
0.0011098711982316808
0.0011100700120667722
0.0011102741370311725
0.0011104822208164325
0.0011106894048019415
0.0011108940116335017
0.001111100419953265
0.0011113082981014741
0.0011115115275820982
0.0011117182919653504
0.001111923347798181
0.0011121300305605975
0.0011123398981317512
0.0011125560169156397
0.0011127594862996779
0.0011129643249532938
0.001113175992465647
0.0011133832443688272
0.0011135994727354541
0.0011138076653273692
0.0011140122867036653
0.001114229082537563
0.0011144361281416365
0.0011146476901020927
0.0011148614518936262
0.0011150675553253755
0.0011152845194733435
0.0011154964383596794
0.0011157053455860164
0.0011159161938003406
0.0011161306942521678
0.0011163385002750381
0.0011165450146117552
0.0011167594726822292
0.0011169723571139145
0.0011171804481533297
0.0011173964765932415
0.0011176050687575468
0.001117818704563556
0.0011180243601119247
0.0011182370466903768
0.001118455191348806
0.0011186705911608401
0.0011188875361396375
0.0011190991287112406
0.0011193150517136658
0.0011195286692457093
0.0011197452698871796
0.001119957485589821
0.0011201707415066497
0.00112038354666967
0.0011205958998964688
0.001120805903992839
0.0011210185509753733
0.0011212336862435862
0.0011214486655661882
0.0011216666492076938
0.0011218841054434748
0.001122102347454574
0.00112231646358151
0.0011225339675375351
0.0011227487898499294
0.001122967275095839
0.0011231846916458462
0.001123400929041275
0.0011236159843946412
0.0011238389248509019
0.0011240552884339034
0.0011242690340211915
0.001124488245400409
0.001124709035913235
0.0011249246613784874
0.0011251421608483262
0.0011253573045272853
0.0011255756277982855
0.001125792978910761
0.0011260065534817424
0.0011262268785174696
0.001126438194332506
0.001126655612802055
0.0011268753549300524
0.0011270938485390073
0.0011273119651081791
0.0011275337515606124
0.0011277530574993378
0.0011279720136745967
0.0011281912770683305
0.001128409805646892
0.001128621694216386
0.0011288441562497086
0.0011290588462939315
0.0011292763967789311
0.001129496042981351
0.0011297168248990224