[4.457012176513672, 0.00937500037252903]
[4.456989288330078, 0.018124999478459358]
[4.456881523132324, 0.012500000186264515]
[4.456794261932373, 0.011250000447034836]
[4.457062721252441, 0.014999999664723873]
[4.456473350524902, 0.012500000186264515]
[4.456748962402344, 0.014999999664723873]
[4.4569830894470215, 0.016875000670552254]
[4.456404685974121, 0.014999999664723873]
[4.45649528503418, 0.012500000186264515]
[4.456850051879883, 0.013749999925494194]
[4.456951141357422, 0.012500000186264515]
[4.456855773925781, 0.013749999925494194]
[4.4569172859191895, 0.013124999590218067]
[4.457298755645752, 0.01875000074505806]
[4.456426620483398, 0.016249999403953552]
[4.456038475036621, 0.016875000670552254]
[4.456568717956543, 0.013749999925494194]
[4.4566755294799805, 0.013749999925494194]
[4.456971168518066, 0.018124999478459358]
[4.4570770263671875, 0.016875000670552254]
[4.456652641296387, 0.014375000260770321]
[4.456863880157471, 0.014999999664723873]
[4.456766128540039, 0.014999999664723873]
[4.456940650939941, 0.00937500037252903]
[4.456433296203613, 0.017500000074505806]
[4.456233978271484, 0.014375000260770321]
[4.45677375793457, 0.016875000670552254]
[4.456752777099609, 0.016249999403953552]
[4.456871032714844, 0.015625]
[4.4564714431762695, 0.016249999403953552]
[4.456275939941406, 0.011874999850988388]
[4.456755638122559, 0.016249999403953552]
[4.4569244384765625, 0.013124999590218067]
[4.45639705657959, 0.01875000074505806]
[4.456854820251465, 0.011874999850988388]
[4.457087516784668, 0.014999999664723873]
[4.456752300262451, 0.013124999590218067]
[4.456365585327148, 0.012500000186264515]
[4.456628799438477, 0.015625]
[4.457147598266602, 0.00937500037252903]
[4.456499099731445, 0.016249999403953552]
[4.456882476806641, 0.018124999478459358]
[4.457096099853516, 0.011874999850988388]
[4.456704139709473, 0.014999999664723873]
[4.457256317138672, 0.014375000260770321]
[4.456793785095215, 0.016875000670552254]
[4.456979274749756, 0.013749999925494194]
[4.456836700439453, 0.011874999850988388]
[4.457048416137695, 0.011250000447034836]
[4.456817150115967, 0.012500000186264515]
[4.456621170043945, 0.011250000447034836]
[4.456209182739258, 0.016875000670552254]
[4.456476211547852, 0.014999999664723873]
[4.456500053405762, 0.019375000149011612]
[4.45693826675415, 0.012500000186264515]
[4.457308292388916, 0.013124999590218067]
[4.457238674163818, 0.012500000186264515]
[4.456851959228516, 0.019375000149011612]
[4.456412315368652, 0.013749999925494194]
[4.456900596618652, 0.014999999664723873]
[4.456728935241699, 0.013124999590218067]
[4.457446098327637, 0.013124999590218067]
[4.456419944763184, 0.016249999403953552]
[4.4567975997924805, 0.016249999403953552]
[4.4566802978515625, 0.013124999590218067]
[4.457159996032715, 0.013749999925494194]
[4.456975936889648, 0.017500000074505806]
[4.456705093383789, 0.012500000186264515]
[4.456327438354492, 0.016249999403953552]
[4.456951141357422, 0.016249999403953552]
[4.456899166107178, 0.011250000447034836]
[4.456639766693115, 0.011874999850988388]
[4.457084655761719, 0.016875000670552254]
[4.4569501876831055, 0.016875000670552254]
[4.456918716430664, 0.016875000670552254]
[4.456747531890869, 0.021250000223517418]
[4.45668888092041, 0.016875000670552254]
[4.456549167633057, 0.013124999590218067]
[4.457043647766113, 0.016875000670552254]
[4.456599235534668, 0.015625]
[4.4567413330078125, 0.014375000260770321]
[4.4570393562316895, 0.017500000074505806]
[4.456632614135742, 0.018124999478459358]
[4.456681728363037, 0.02187499962747097]
[4.45700740814209, 0.014375000260770321]
[4.456483840942383, 0.016249999403953552]
[4.456672668457031, 0.014999999664723873]
[4.456292629241943, 0.014375000260770321]
[4.456782341003418, 0.016875000670552254]
[4.4569091796875, 0.016249999403953552]
[4.456664562225342, 0.01875000074505806]
[4.456279754638672, 0.014999999664723873]
[4.4564361572265625, 0.011250000447034836]
[4.456884384155273, 0.016875000670552254]
[4.456855773925781, 0.019375000149011612]
[4.456991195678711, 0.009999999776482582]
[4.456913948059082, 0.01875000074505806]
[4.456876754760742, 0.016249999403953552]
[4.457036018371582, 0.016249999403953552]
[4.456876754760742, 0.015625]
[4.45661735534668, 0.016875000670552254]
[4.4566850662231445, 0.016249999403953552]
[4.457008361816406, 0.014999999664723873]
[4.456720352172852, 0.014999999664723873]
[4.45673942565918, 0.016875000670552254]
[4.456264019012451, 0.017500000074505806]
[4.45682430267334, 0.016875000670552254]
[4.456167221069336, 0.015625]
[4.456575870513916, 0.016249999403953552]
[4.456483840942383, 0.014375000260770321]
[4.456477165222168, 0.014375000260770321]
[4.456995010375977, 0.015625]
[4.456606388092041, 0.012500000186264515]
[4.457211971282959, 0.016249999403953552]
[4.456668853759766, 0.007499999832361937]
[4.456772804260254, 0.017500000074505806]
[4.456246376037598, 0.016875000670552254]
[4.456665515899658, 0.017500000074505806]
[4.456993103027344, 0.013749999925494194]
[4.456911087036133, 0.011250000447034836]
[4.45689582824707, 0.016249999403953552]
[4.456496238708496, 0.017500000074505806]
[4.456965446472168, 0.017500000074505806]
[4.45659875869751, 0.016249999403953552]
[4.457399368286133, 0.00937500037252903]
[4.456475257873535, 0.019375000149011612]
[4.457036018371582, 0.010625000111758709]
[4.45665168762207, 0.018124999478459358]
[4.456833839416504, 0.013749999925494194]
[4.457084655761719, 0.016249999403953552]
[4.456713676452637, 0.013124999590218067]
[4.456602573394775, 0.012500000186264515]
[4.456265449523926, 0.015625]
[4.456452369689941, 0.014375000260770321]
[4.457305431365967, 0.015625]
[4.4567131996154785, 0.014999999664723873]
[4.4569993019104, 0.012500000186264515]
[4.457201957702637, 0.016249999403953552]
[4.456586837768555, 0.014999999664723873]
[4.456535339355469, 0.018124999478459358]
[4.456543445587158, 0.014375000260770321]
[4.456547737121582, 0.013749999925494194]
[4.456167221069336, 0.014999999664723873]
[4.456940650939941, 0.012500000186264515]
[4.456655502319336, 0.014999999664723873]
[4.456780433654785, 0.019375000149011612]
[4.456472396850586, 0.016249999403953552]
[4.457029342651367, 0.012500000186264515]
[4.456818580627441, 0.016875000670552254]
[4.4570817947387695, 0.016249999403953552]
[4.456843376159668, 0.015625]
[4.456636428833008, 0.019999999552965164]
[4.456770896911621, 0.012500000186264515]
[4.456849575042725, 0.014375000260770321]
[4.456437110900879, 0.018124999478459358]
[4.456819534301758, 0.016875000670552254]
[4.457257270812988, 0.016875000670552254]
[4.457140922546387, 0.013749999925494194]
[4.456859588623047, 0.014999999664723873]
[4.456175804138184, 0.016249999403953552]
[4.456568717956543, 0.020625000819563866]
[4.456679344177246, 0.013124999590218067]
[4.45646858215332, 0.016249999403953552]
[4.456754207611084, 0.015625]
[4.456716537475586, 0.014999999664723873]
[4.457040786743164, 0.014375000260770321]
[4.457005500793457, 0.014375000260770321]
[4.456766128540039, 0.014999999664723873]
[4.456791877746582, 0.017500000074505806]
[4.4565110206604, 0.016249999403953552]
[4.457350730895996, 0.012500000186264515]
[4.45646858215332, 0.016249999403953552]
[4.4569292068481445, 0.019375000149011612]
[4.4571533203125, 0.012500000186264515]
[4.456971168518066, 0.010625000111758709]
[4.456935405731201, 0.016875000670552254]
[4.456284046173096, 0.01875000074505806]
[4.457306861877441, 0.013124999590218067]
[4.457089424133301, 0.014999999664723873]
[4.457257270812988, 0.011874999850988388]
[4.457113265991211, 0.012500000186264515]
[4.456655502319336, 0.01875000074505806]
[4.456545352935791, 0.011874999850988388]
[4.457319259643555, 0.013124999590218067]
[4.456921577453613, 0.016875000670552254]
[4.45717191696167, 0.00937500037252903]
[4.456739902496338, 0.016875000670552254]
[4.456854820251465, 0.011250000447034836]
[4.456664085388184, 0.013124999590218067]
[4.456893444061279, 0.016875000670552254]
[4.45639705657959, 0.01875000074505806]
[4.456506252288818, 0.014999999664723873]
[4.45709228515625, 0.013749999925494194]
[4.456658363342285, 0.015625]
[4.456672668457031, 0.017500000074505806]
[4.456590175628662, 0.014999999664723873]
[4.456429481506348, 0.017500000074505806]
[4.45686149597168, 0.017500000074505806]
[4.457075119018555, 0.013124999590218067]
[4.457249641418457, 0.013124999590218067]
[4.45697021484375, 0.013749999925494194]
[4.4566850662231445, 0.016249999403953552]
[4.456267356872559, 0.013749999925494194]
[4.456752777099609, 0.016249999403953552]
[4.456890106201172, 0.014999999664723873]
[4.456567764282227, 0.016875000670552254]
[4.456972122192383, 0.009999999776482582]
[4.4568891525268555, 0.012500000186264515]
[4.456844806671143, 0.013124999590218067]
[4.456325531005859, 0.014375000260770321]
[4.456850051879883, 0.017500000074505806]
[4.456674575805664, 0.011874999850988388]
[4.456416130065918, 0.011874999850988388]
[4.456457138061523, 0.017500000074505806]
[4.456697463989258, 0.011874999850988388]
[4.456270694732666, 0.012500000186264515]
[4.4567060470581055, 0.014375000260770321]
[4.457120895385742, 0.00937500037252903]
[4.4560627937316895, 0.016875000670552254]
[4.456784248352051, 0.017500000074505806]
[4.456591606140137, 0.011874999850988388]
[4.45677375793457, 0.016875000670552254]
[4.4563446044921875, 0.013124999590218067]
[4.456928253173828, 0.013124999590218067]
[4.456642150878906, 0.015625]
[4.4564409255981445, 0.014375000260770321]
[4.457080364227295, 0.016249999403953552]
[4.456264495849609, 0.016249999403953552]
[4.456653594970703, 0.014999999664723873]
[4.456992149353027, 0.014999999664723873]
[4.456657886505127, 0.011874999850988388]
[4.456820487976074, 0.013124999590218067]
[4.457357883453369, 0.011874999850988388]
[4.456761360168457, 0.017500000074505806]
[4.456560134887695, 0.013749999925494194]
[4.456580638885498, 0.016249999403953552]
[4.456549644470215, 0.019999999552965164]
[4.4568376541137695, 0.017500000074505806]
[4.456666469573975, 0.01875000074505806]
[4.4571638107299805, 0.013749999925494194]
[4.456385612487793, 0.016249999403953552]
[4.457219123840332, 0.013124999590218067]
[4.456643104553223, 0.01875000074505806]
[4.456279754638672, 0.014375000260770321]
[4.456921577453613, 0.011874999850988388]
[4.456818103790283, 0.014999999664723873]
[4.456892013549805, 0.02250000089406967]
[4.456745147705078, 0.013749999925494194]
[4.456829071044922, 0.012500000186264515]
[4.456515789031982, 0.013749999925494194]
[4.457001686096191, 0.014999999664723873]
[4.457038402557373, 0.012500000186264515]
[4.45673942565918, 0.014375000260770321]
[4.456689357757568, 0.016875000670552254]
[4.456489562988281, 0.014375000260770321]
[4.456790924072266, 0.015625]
[4.457196235656738, 0.011250000447034836]
[4.456965923309326, 0.015625]
[4.456631660461426, 0.016875000670552254]
[4.456736087799072, 0.016875000670552254]
[4.456583023071289, 0.012500000186264515]
[4.45659875869751, 0.013749999925494194]
[4.456631660461426, 0.016875000670552254]
[4.456737995147705, 0.013749999925494194]
[4.456906318664551, 0.014375000260770321]
[4.456644058227539, 0.016875000670552254]
[4.456616401672363, 0.019999999552965164]
[4.456729888916016, 0.013749999925494194]
[4.456493377685547, 0.019375000149011612]
[4.457004547119141, 0.019375000149011612]
[4.4571404457092285, 0.008750000037252903]
[4.456660270690918, 0.016249999403953552]
[4.4571027755737305, 0.014375000260770321]
[4.456645488739014, 0.010625000111758709]
[4.456596374511719, 0.011874999850988388]
[4.456918239593506, 0.012500000186264515]
[4.457026481628418, 0.008750000037252903]
[4.45708703994751, 0.015625]
[4.456945896148682, 0.013124999590218067]
[4.456964492797852, 0.015625]
[4.456777095794678, 0.013124999590218067]
[4.456760406494141, 0.017500000074505806]
[4.456927299499512, 0.014375000260770321]
[4.4563798904418945, 0.013749999925494194]
[4.456722736358643, 0.015625]
[4.456949234008789, 0.014375000260770321]
[4.456992149353027, 0.014375000260770321]
[4.456511497497559, 0.013749999925494194]
[4.456700801849365, 0.013749999925494194]
[4.456241607666016, 0.013749999925494194]
[4.457009792327881, 0.018124999478459358]
[4.457367897033691, 0.013124999590218067]
[4.4565348625183105, 0.014999999664723873]
[4.456576347351074, 0.011874999850988388]
[4.457043170928955, 0.013124999590218067]
[4.456666469573975, 0.015625]
[4.456986427307129, 0.015625]
[4.456314563751221, 0.018124999478459358]
[4.456789016723633, 0.016875000670552254]
[4.456973075866699, 0.006874999962747097]