[4.452145099639893, 0.015625]
[4.452691078186035, 0.012500000186264515]
[4.452790260314941, 0.014999999664723873]
[4.451648712158203, 0.013749999925494194]
[4.4514970779418945, 0.012500000186264515]
[4.451877593994141, 0.013124999590218067]
[4.452985763549805, 0.010625000111758709]
[4.45267915725708, 0.013749999925494194]
[4.45249080657959, 0.014999999664723873]
[4.452810287475586, 0.013749999925494194]
[4.452315330505371, 0.015625]
[4.45182991027832, 0.013124999590218067]
[4.452530860900879, 0.009999999776482582]
[4.452366352081299, 0.013749999925494194]
[4.45268440246582, 0.013124999590218067]
[4.4526872634887695, 0.010625000111758709]
[4.452160835266113, 0.011250000447034836]
[4.452170372009277, 0.014999999664723873]
[4.451879501342773, 0.009999999776482582]
[4.451788902282715, 0.013749999925494194]
[4.452143669128418, 0.010625000111758709]
[4.452573299407959, 0.011874999850988388]
[4.451886177062988, 0.008124999701976776]
[4.452735900878906, 0.015625]
[4.4517717361450195, 0.007499999832361937]
[4.452035903930664, 0.011874999850988388]
[4.45277214050293, 0.012500000186264515]
[4.452150344848633, 0.008750000037252903]
[4.452467918395996, 0.015625]
[4.452251434326172, 0.011250000447034836]
[4.451606273651123, 0.014999999664723873]
[4.452843189239502, 0.014375000260770321]
[4.452393531799316, 0.014375000260770321]
[4.452826499938965, 0.014375000260770321]
[4.452503204345703, 0.012500000186264515]
[4.452542304992676, 0.010625000111758709]
[4.452481746673584, 0.013124999590218067]
[4.451729774475098, 0.00937500037252903]
[4.452245712280273, 0.008124999701976776]
[4.453083038330078, 0.011874999850988388]
[4.452753067016602, 0.011250000447034836]