[4.456254005432129, 0.014375000260770321]
[4.455770492553711, 0.014999999664723873]
[4.456286430358887, 0.013124999590218067]
[4.456088066101074, 0.013749999925494194]
[4.456544399261475, 0.010625000111758709]
[4.456272125244141, 0.011874999850988388]
[4.456080436706543, 0.013749999925494194]
[4.456372261047363, 0.013124999590218067]
[4.45600700378418, 0.016249999403953552]
[4.455862045288086, 0.013749999925494194]
[4.4555463790893555, 0.011874999850988388]
[4.45598030090332, 0.012500000186264515]
[4.455259799957275, 0.015625]
[4.456279754638672, 0.013124999590218067]
[4.455968856811523, 0.011874999850988388]
[4.456305027008057, 0.015625]
[4.456565856933594, 0.011874999850988388]
[4.456157684326172, 0.012500000186264515]
[4.455864429473877, 0.014375000260770321]
[4.455781936645508, 0.013124999590218067]
[4.455591678619385, 0.014375000260770321]
[4.456274032592773, 0.011250000447034836]
[4.456198692321777, 0.013124999590218067]
[4.456162452697754, 0.011874999850988388]
[4.456033706665039, 0.013749999925494194]
[4.456101894378662, 0.014375000260770321]
[4.456143379211426, 0.011874999850988388]
[4.4565629959106445, 0.011874999850988388]
[4.455845832824707, 0.013749999925494194]