0.0010000202608021877
0.0010036085151017386
0.0009760786462481188
0.0009769418065073954
0.0009781500166360143
0.0009783758455934018
0.000981084851909515
0.0009835465791276138
0.0009839498247840716
0.0009835574608499822
0.0009832804606889232
0.0009859725510507945
0.000985877778663055
0.0009849271199469537
0.0009851532946949504
0.0009843511539643468
0.0009833919171458754
0.0009835360650373773
0.0009815173074211822
0.0009799510636021988
0.0009811251381141918
0.0009791725978170627
0.000979124992869196
0.000977947102069194
0.0009764194525444258
0.0009715000316108913
0.0009695086045570898
0.0009664254002416106
0.0009604562375817963
0.0009548330674864707
0.0009445466259640731
0.0009377055575140439
0.0009242496580127738
0.0009123389586944952
0.0009006135560586755
0.0008890206097277128
0.0008767398215336048
0.0008702454936632986
0.0008646844329053313
0.0008581043876554594
0.0008520841592748439
0.000846056305125094
0.0008429813294600681
0.0008366246708631737
0.0008330431550800385
0.0008296421877440041
0.0008315495812415692
0.0008266310591615657
0.0008245019744268796
0.0008220197484174123
0.0008201553896926124
0.0008182617407695508
0.0008119475340558647
0.0008115218782076505
0.0008092177353496352
0.0008070306953621859
0.0008061915553532945
0.0008031318882004769
0.0008019022392630803
0.0008030641988646763
0.0008029006338785866
0.0008005390800876882
0.0007985073930628756
0.0007973960987618801
0.0007940511495284475
0.0007921874274179989
0.0007917658581578421
0.0007878315096026879
0.0007876867582354838
0.0007850211880842106
0.0007840163650536448
0.0007826518179816743
0.0007810506224652181
0.0007811203508636614
0.0007795159664727287
0.00077827136837757
0.0007761244568285164
0.0007739219441261033
0.0007734230774129418
0.0007697034478941135
0.0007683976081326478
0.0007683052655060574
0.0007663187369349329
0.0007665726924176883
0.00076427790511318
0.000765064642751628
0.0007625695312538774
0.0007613950679392086
0.0007602037891500472
0.0007588342729504757
0.0007585371959423357
0.0007553704474777326
0.0007544874013041164
0.0007536324931726035
0.0007516955863303831
0.0007504061077364154
0.0007479416170940006
0.0007472419232118849
0.0007470054448074655
0.0007458745042719599
0.0007441056384222873
0.0007441412907836442
0.0007433403909834479
0.0007416994740024532
0.0007398390657542296
0.0007385748133931922
0.0007383238204045701
0.0007375863112878927
0.0007364034619385063
0.0007393513743357099
0.0007373746586274234
0.0007367426263007301
0.0007362073292551607
0.0007362405065751876
0.000734845175530961
0.0007344669281283631
0.0007348538709526268
0.0007360451545758472
0.0007354642639930214
0.0007358353691555989
0.0007349477577874172
0.0007332167619135732
0.0007321532351995431
0.0007316163398091603
0.0007303809950776424
0.0007296474106425045
0.0007281484625931081
0.0007279499362851856
0.0007275478955800187
0.0007276953060543768
0.0007272532529789859
0.0007281942716327872
0.0007272226437641847
0.0007264072942183288
0.0007255660685408381
0.0007240945512034464
0.0007245019393768204
0.0007246939944738004
0.0007245489018929579
0.0007248226038422481
0.0007250646186935491
0.0007249837600715974
0.0007272382270816145
0.0007264981894833191
0.0007266863630052722
0.0007260346327926613
0.0007249469105997229
0.0007233338494999524
0.000722677409978411
0.0007219730429159196
0.0007223982669879437
0.0007221413594649727
0.0007216799884816762
0.0007209937417110739
0.0007211717013654672
0.0007205590423381008
0.0007205765817476505
0.0007193631128841197
0.0007201175239008945
0.0007200097049762553
0.0007214791420713637
0.0007198838062127437
0.0007198064017919523
0.000718867334809808
0.0007197692916591811
0.0007188169331735795
0.0007188830715494216
0.0007190352898689488
0.0007184224377106463
0.0007177387115290124
0.0007170022923870491
0.0007169170738373792
0.0007162259110347154
0.0007160851355189899
0.0007165070800411509
0.0007164012939720645
0.0007163697281463819
0.0007155879601089901
0.0007157373683849333
0.0007146737243127981
0.0007132226043528518
0.0007138108454445446
0.0007106767458595739
0.0007110917666749423
0.0007101737549239255
0.0007095009829945514
0.0007099800077429315
0.0007093684358016435
0.0007100054405303726
0.0007087825315158685
0.0007092062793427772
0.0007098633500416122
0.0007089591322095265
0.0007099646011980325
0.0007108464265339751
0.0007106194151326551
0.000710596186081117
0.0007102744207697569
0.0007108390861308197
0.0007114471436928789
0.0007116454803359604
0.0007115047968814425
0.0007104227100336734
0.0007112293490107273
0.0007105860368304204
0.0007103771420450495
0.0007100701356306907
0.0007105489006085489
0.0007108075968738847
0.0007106900486501475
0.0007111749967404784
0.0007109040309907671
0.0007101769123433938
0.0007104441172158847
0.0007101510013888798
0.0007102230824066107
0.0007100356274341729
0.0007105996420515036
0.0007107224635863119
0.0007106420832119218
0.0007098728421484325
0.0007100962161644742
0.000709787340927067
0.00071051988083646
0.0007100396708748061
0.0007093102258598551
0.0007093630167566355
0.0007091745370751037
0.0007088417030443777
0.0007092148700409573
0.0007083191170914197
0.000706805521263136
0.0007065873775147998
0.0007061420520980906
0.0007062060246103995
0.000706555390328543
0.0007062478871718668
0.0007065864350635186
0.0007064951833639156
0.0007057563492259077
0.000704934395860341
0.0007046651422515655
0.0007046484330821631
0.000705069318134755
0.0007059043364917004
0.0007067122879018415
0.000705840012826193
0.0007068349004978568
0.0007062835642499224
0.0007052048201339633
0.0007049644695061293
0.0007037847091542855
0.000703075537111487
0.0007033499797254475
0.0007029960859816743
0.000703371943874395
0.0007030155489710998
0.0007027926812812941
0.0007021099589032768
0.0007011013260660528
0.0007012385806765486
0.0007021720316615651
0.0007013937940064802
0.0007009308214458637
0.0007009047702315237
0.0007006686952815131
0.0006990753823163649
0.0006988257506291176
0.0006985718880608825
0.0006994267847299817
0.0006996678396712071
0.000700129486584675
0.0007015544672838944
0.0007019756240248318
0.0007015501471129084
0.000701623293317008
0.0007036189237673957
0.0007032542285394832
0.0007023369605005821
0.000702105139646518